#name	m_b	err_m_b	zhel	zcmb	vp	vp_2mpp_sdss_6df	vp_2mrs	vp_2mpp
2009cz	  15.537	  0.1228	  0.0223	  0.0232	  -82.89	-33	-38	-16
2009cz	  15.564	  0.1228	  0.0223	  0.0232	  -82.89	-33	-38	-16
ASASSN-15nr	  15.578	  0.1908	  0.0232	  0.0231	 -101.96	-112	-99	-135
2004bk	  15.518	  0.1601	  0.0231	   0.024	  155.85	138	-4	115
2007qe	   15.72	  0.1454	   0.024	  0.0228	 -227.14	-220	-238	-245
2007qe	  15.694	  0.1837	   0.024	  0.0228	 -227.14	-220	-238	-245
ASASSN-15tz	   15.63	  0.1979	  0.0229	  0.0222	 -424.05	-434	-491	-492
2010ao	  15.643	  0.1585	  0.0232	  0.0242	  155.85	138	-4	115
2006sr	  15.724	  0.1276	  0.0243	  0.0231	 -237.71	-233	-252	-263
2000ca	  15.627	  0.1395	  0.0236	  0.0245	  185.44	175	314	180
PS1-14xw	  15.784	  0.2887	  0.0243	  0.0244	  74.493	74	130	91
2000bh	  15.586	  0.1615	   0.023	  0.0242	  25.488	0	127	-35
2007F	  15.655	  0.1469	  0.0236	  0.0242	   9.672	13	34	50
2007F	  15.785	  0.1293	  0.0236	  0.0242	   9.672	13	34	50
2006ac	  15.666	  0.1376	  0.0231	  0.0239	 -107.47	-135	-273	-171
2006ac	  15.636	  0.1475	  0.0231	  0.0239	 -107.47	-135	-273	-171
ASASSN-15sf	  15.976	  0.1664	  0.0247	  0.0235	 -241.91	-245	-284	-292
2005bg	  15.721	  0.1563	   0.023	  0.0241	 -59.059	-96	-330	-158
2009D	  15.688	  0.1486	  0.0251	  0.0248	  65.341	76	94	88
2009D	  15.766	  0.1158	  0.0251	  0.0248	  65.341	76	94	88
2009D	   15.63	  0.1206	  0.0251	  0.0248	  65.341	76	94	88
PS16ccn	  15.855	  0.1346	  0.0243	  0.0239	 -183.01	-191	-189	-221
ASASSN-16hz	  15.501	  0.2319	  0.0253	  0.0241	 -175.76	-172	-207	-206
2003he	  15.765	  0.1712	  0.0253	   0.024	 -252.99	-256	-288	-308
2001cj	  15.876	  0.1694	  0.0241	  0.0249	 -9.2981	-28	-214	-3
Gaia16agf	  15.939	  0.1957	  0.0251	  0.0255	  130.45	134	198	151
2007cq	  15.516	  0.1459	   0.026	  0.0248	 -83.967	-72	-109	-78
2007cq	   15.53	  0.1268	   0.026	  0.0248	 -83.967	-72	-109	-78
2003it	  15.771	  0.2075	  0.0253	  0.0241	 -284.92	-283	-290	-322
2007cq	  15.688	  0.1284	   0.026	  0.0248	 -83.967	-72	-109	-78
2011dn	  15.137	  0.2432	  0.0253	  0.0244	 -205.82	-218	-294	-281
2007sw	  15.657	  0.2192	  0.0243	   0.025	 -50.839	-27	-48	1
2012bh	  15.915	  0.1694	  0.0243	   0.025	 -50.839	-27	-48	1
2002bf	    15.6	  0.1977	  0.0244	  0.0249	 -91.716	-93	-112	-75
PS15ahs	  15.933	  0.1312	  0.0255	  0.0252	 -36.772	-28	8	-2
PSNJ0153424	   15.87	  0.1671	  0.0256	  0.0247	 -237.62	-233	-254	-255
SN2017hn	  15.791	  0.1354	  0.0238	  0.0249	 -189.32	-235	-177	-348
SN2017ms	  15.886	  0.1419	  0.0245	  0.0254	 -156.12	-175	-154	-199
2005M	  15.972	  0.1268	  0.0248	  0.0258	 -42.118	-55	-74	-56
2005M	  15.836	  0.1414	  0.0248	  0.0258	 -42.118	-55	-74	-56
2005M	  15.581	  0.2487	  0.0248	  0.0258	 -42.118	-55	-74	-56
SN2017mf	  15.961	  0.1269	  0.0256	  0.0262	  59.011	63	55	106
2005ms	  16.033	  0.1259	  0.0252	   0.026	 -217.49	-236	-234	-273
1999gp	  16.013	  0.1452	  0.0267	   0.026	 -258.63	-256	-231	-276
1999gp	  15.968	  0.1297	  0.0267	   0.026	 -258.63	-256	-231	-276
ASASSN-17at	  16.002	  0.1339	  0.0254	  0.0264	 -204.19	-229	-145	-271
2013fn	  15.968	  0.2161	  0.0282	  0.0272	 -18.054	-9	147	-52
2002eb	  15.946	  0.1228	  0.0275	  0.0263	 -284.35	-285	-377	-325
2007co	  16.023	  0.1639	   0.027	  0.0266	 -221.82	-232	-239	-270
2007co	  15.791	  0.2491	   0.027	  0.0266	 -221.82	-232	-239	-270
2007co	  15.926	  0.1858	   0.027	  0.0266	 -221.82	-232	-239	-270
1992P	  16.079	  0.1591	  0.0253	  0.0264	 -272.65	-328	-228	-451
2005na	  15.787	  0.1205	  0.0267	  0.0272	 -88.882	-98	-168	-124
2005na	  15.861	  0.1268	  0.0267	  0.0272	 -88.882	-98	-168	-124
2005na	  15.791	  0.1326	  0.0267	  0.0272	 -88.882	-98	-168	-124
2010ii	  15.822	  0.1347	  0.0281	   0.027	 -294.38	-315	-393	-370
PSNJ0252467	   16.11	  0.1362	  0.0281	  0.0275	 -197.78	-190	-106	-193
2009aa	  16.005	  0.1248	  0.0271	  0.0283	  25.317	2	110	-31
2011hb	  15.966	  0.2098	   0.029	  0.0278	 -131.72	-121	-159	-133
2005eq	  16.185	  0.1147	  0.0289	  0.0283	  23.079	45	54	59
2005eq	  16.254	  0.1135	  0.0289	  0.0283	  23.079	45	54	59
2005eq	   16.23	  0.1131	  0.0289	  0.0283	  23.079	45	54	59
2009ad	  16.083	  0.1132	  0.0284	  0.0283	 -30.493	-23	-120	-12
2009ad	  16.074	  0.1149	  0.0284	  0.0283	 -30.493	-23	-120	-12
2008ar	  16.116	  0.1311	  0.0262	  0.0273	  -342.8	-400	-248	-529
2008ar	  15.977	  0.1305	  0.0262	  0.0273	  -342.8	-400	-248	-529
2008ar	  16.064	  0.1308	  0.0262	  0.0273	  -342.8	-400	-248	-529
2007is	  16.032	   0.163	  0.0295	  0.0295	  253.01	298	608	531
1998ab	  15.662	  0.1644	  0.0273	  0.0281	  -194.2	-214	-154	-248
ASASSN-15la	  15.759	  0.1565	  0.0278	  0.0284	 -166.73	-189	-109	-233
1996C	  16.209	  0.1781	  0.0282	  0.0288	 -112.45	-122	-107	-125
PS16cvc	  16.477	  0.1293	  0.0295	  0.0284	 -206.27	-207	-245	-261
ASASSN-15fs	  15.912	  0.1326	   0.029	  0.0285	 -196.22	-198	-183	-216
PSNJ0859349	  16.165	   0.163	  0.0281	  0.0287	 -185.72	-198	-234	-220
LSQ12gdj	  15.773	  0.1977	  0.0299	  0.0289	 -175.72	-164	-66	-226
2000cw	  16.287	  0.1594	  0.0301	   0.029	 -153.64	-141	-185	-143
2002de	  16.043	  0.2056	  0.0303	  0.0305	  289.98	292	670	513
ASASSN-16hh	  16.198	  0.1366	  0.0303	  0.0294	 -126.59	-111	-10	-114
Gaia16bba	  16.125	  0.1306	  0.0305	  0.0293	 -161.22	-151	-188	-162
2004ef	  16.166	  0.1442	   0.031	  0.0298	 -99.554	-85	-193	-80
2004ef	  16.222	  0.1677	   0.031	  0.0298	 -99.554	-85	-193	-80
AT2017lm	  16.265	  0.1542	  0.0306	    0.03	 -83.303	-79	-32	-108
ASASSN-16hr	  16.172	  0.2038	  0.0309	  0.0298	 -300.27	-301	-380	-341
1990O	  16.203	   0.118	   0.031	  0.0309	  6.1158	10	20	24
2008gg	  16.384	  0.1677	   0.032	  0.0311	 -18.695	-8	0	-14
2008gg	  16.207	  0.1319	   0.032	  0.0311	 -18.695	-8	0	-14
1999cc	  16.315	  0.1287	  0.0311	  0.0313	   46.98	63	358	173
2007bd	  16.212	  0.1242	  0.0304	  0.0314	  62.701	57	13	69
2007bd	  16.303	  0.1066	  0.0304	  0.0314	  62.701	57	13	69
2007bd	  16.185	  0.1085	  0.0304	  0.0314	  62.701	57	13	69
ASASSN-15hg	  16.366	  0.1409	  0.0299	  0.0311	 -105.01	-133	-146	-183
ATLAS17axb	   16.32	  0.1336	  0.0316	  0.0326	  351.47	357	524	418
CSS160428	  16.411	  0.1561	  0.0303	  0.0308	    -196	-213	-175	-243
2000dn	  16.386	   0.117	  0.0321	  0.0308	 -192.92	-192	-177	-240
2006en	  16.326	  0.1388	   0.032	  0.0308	 -236.15	-229	-324	-262
2006en	  16.408	  0.1343	   0.032	  0.0308	 -236.15	-229	-324	-262
2008bq	  16.412	  0.1308	  0.0323	  0.0328	  328.62	354	469	446
ASASSN-16oz	  16.154	  0.1952	   0.031	  0.0321	  42.874	30	73	18
2006az	   16.18	  0.1052	   0.031	  0.0316	 -124.25	-132	-137	-130
010026	  16.359	  0.1445	  0.0312	  0.0317	 -178.95	-188	-192	-201
AT2017po	   16.31	  0.1389	  0.0318	   0.032	 -156.24	-169	-184	-193
2007ux	  16.507	  0.1359	  0.0307	  0.0318	 -233.21	-268	-181	-341
ASASSN-15pr	  16.663	  0.1402	  0.0331	  0.0319	 -217.89	-223	-198	-302
SN2016hpx	  16.337	   0.146	  0.0334	  0.0337	  254.85	269	353	314
SN2017cii	  16.572	    0.13	  0.0332	  0.0334	  138.77	155	303	231
2006te	  16.457	  0.1081	  0.0316	  0.0321	 -227.18	-243	-231	-279
2004as	  16.411	  0.1588	  0.0314	  0.0325	 -136.07	-159	-179	-195
2004as	  16.585	  0.1621	  0.0314	  0.0325	 -136.07	-159	-179	-195
2008gp	  16.438	  0.1135	   0.033	  0.0324	 -257.67	-265	-256	-314
2010ag	  16.341	  0.1438	  0.0334	  0.0334	   3.241	8	-37	36
2005iq	  16.569	   0.104	   0.034	  0.0329	 -141.55	-141	-140	-187
2005iq	  16.572	  0.1071	   0.034	  0.0329	 -141.55	-141	-140	-187
PS15bsq	  16.508	  0.1134	  0.0343	  0.0331	 -179.38	-178	-186	-225
2004L	  16.554	  0.2051	  0.0323	  0.0334	 -83.471	-107	-151	-144
2003gn	  16.702	  0.1747	  0.0344	  0.0332	 -170.66	-162	-273	-179
2003cq	  16.506	  0.1872	  0.0328	  0.0332	 -159.42	-168	-187	-174
2006S	  16.588	  0.1263	  0.0322	  0.0331	 -240.12	-266	-154	-315
2006gr	  16.598	  0.1495	  0.0347	  0.0335	 -220.64	-216	-342	-234
2006gr	  16.669	  0.1527	  0.0347	  0.0335	 -220.64	-216	-342	-234
ASASSN-16dw	  16.485	  0.1595	  0.0347	  0.0357	  371.74	379	606	497
1996bl	  16.462	  0.1094	   0.036	  0.0348	  63.545	92	66	136
2003kc	  16.525	  0.1467	  0.0332	  0.0341	 -200.59	-221	-183	-257
ASASSN-15jl	    16.6	  0.1187	  0.0347	  0.0349	 -56.229	-56	-41	-40
1992bg	  16.601	  0.1536	  0.0352	  0.0357	   169.3	163	254	161
ASASSN-15tg	  16.604	  0.1196	  0.0356	  0.0345	 -241.33	-236	-334	-263
PTSS-16efw	  16.961	  0.1367	  0.0356	  0.0354	 -76.081	-84	-197	-103
2016fbk	  16.666	  0.1642	  0.0359	   0.035	 -233.26	-226	-111	-252
1994T	  16.515	  0.1509	  0.0346	  0.0356	 -55.058	-80	51	-116
ASASSN-15ss	  16.732	  0.1369	  0.0356	  0.0359	 -19.525	-26	-16	-47
2001ck	  16.538	  0.1584	  0.0348	  0.0354	 -209.71	-236	-186	-289
2008hj	  16.638	  0.1106	  0.0376	  0.0364	 -111.99	-106	-103	-132
2008hj	  16.654	  0.1303	  0.0376	  0.0364	 -111.99	-106	-103	-132
2002hu	  16.643	  0.1186	  0.0367	  0.0359	 -326.81	-331	-317	-422
2000cf	  16.758	  0.1167	  0.0364	  0.0365	 -178.21	-181	-206	-185
2001eh	  16.686	  0.0942	  0.0371	  0.0363	 -283.42	-281	-324	-312
2001eh	  16.705	  0.1043	  0.0371	  0.0363	 -283.42	-281	-324	-312
ASASSN-16db	  16.525	  0.1361	  0.0349	  0.0359	 -408.93	-462	-336	-590
AT2016hns	  16.686	  0.1185	  0.0382	   0.037	 -105.31	-94	-210	-90
ASASSN-15bc	  16.659	  0.1928	  0.0367	  0.0364	  -330.4	-351	-443	-442
2007jg	  17.031	  0.1253	  0.0371	  0.0365	 -297.74	-314	-483	-432
2008gb	   16.82	  0.1414	   0.037	  0.0364	 -447.19	-458	-387	-517
2007O	  16.573	  0.1068	  0.0369	  0.0373	 -245.94	-272	-275	-328
2007O	  16.557	  0.1076	  0.0369	  0.0373	 -245.94	-272	-275	-328
2008fr	  16.828	    0.17	   0.039	  0.0379	 -110.97	-94	59	-92
2009bv	  16.945	  0.1085	  0.0367	  0.0375	 -287.73	-324	-301	-409
ASASSN-15np	  16.722	  0.1579	  0.0377	  0.0383	  -150.2	-185	-213	-259
2008dr	  16.963	  0.1053	  0.0412	    0.04	 -51.053	-37	-152	-35
PS15cze	  17.214	  0.1704	  0.0394	  0.0389	 -414.19	-438	-518	-547
2003fa	  16.696	  0.1054	  0.0404	  0.0401	 -119.78	-121	89	-127
2003fa	  16.755	  0.1058	  0.0404	  0.0401	 -119.78	-121	89	-127
PS16axi	  16.839	  0.1202	  0.0393	  0.0406	  -93.28	-131	-93	-220
2009do	  16.781	   0.104	  0.0396	  0.0403	 -206.58	-223	-186	-254
2001az	  17.005	  0.1058	  0.0407	  0.0406	 -120.83	-115	-122	-95
1992bl	  16.945	  0.1493	  0.0436	  0.0428	  167.01	181	254	200
2014bj	  17.255	  0.3025	   0.043	  0.0424	  -53.16	-42	108	-17
2006cf	  16.988	  0.1077	  0.0415	  0.0422	 -129.54	-140	-82	-147
2007kk	      17	  0.1361	  0.0418	  0.0413	 -446.69	-472	-171	-534
2007kk	  16.875	  0.1303	  0.0418	  0.0413	 -446.69	-472	-171	-534
AT2016htm	  16.921	  0.1138	  0.0433	  0.0427	 -67.491	-66	-74	-92
MASTERJ0134	  16.977	   0.125	  0.0449	  0.0439	  60.648	77	75	91
ASASSN-15mg	  17.111	  0.1287	  0.0428	  0.0431	  -289.8	-311	-265	-361
AT2016cvv	  17.256	  0.1658	  0.0446	   0.044	 -97.444	-88	13	-68
2005ku	  17.003	  0.1804	  0.0452	   0.044	  -120.6	-113	-198	-130
1992bh	  17.268	  0.1953	   0.045	  0.0451	  202.28	207	257	220
PSNJ1204051	  17.186	  0.1405	  0.0439	   0.045	 -123.44	-152	-23	-204
2005hc	  17.183	  0.1076	  0.0459	   0.045	 -228.69	-230	-306	-280
2005hc	   17.21	  0.1228	  0.0459	   0.045	 -228.69	-230	-306	-280
2008050	  16.991	  0.1548	  0.0453	  0.0463	  6.3868	-9	106	-19
2005lz	  17.033	  0.1393	  0.0462	  0.0454	 -292.46	-292	-120	-324
360156	   17.25	  0.1524	  0.0455	  0.0467	  46.504	32	-7	34
2008cf	  17.231	  0.1079	   0.046	  0.0469	   29.57	4	85	-35
2008cf	  17.203	  0.1328	   0.046	  0.0469	   29.57	4	85	-35
AT2017yk	  17.459	  0.2071	  0.0464	  0.0476	  207.29	206	269	242
PS16fa	  17.276	  0.1159	  0.0461	  0.0473	 -74.087	-105	-49	-152
PS15aii	  17.302	  0.1034	  0.0466	  0.0477	 -26.351	-49	10	-72
PS17akj	  17.248	  0.1474	  0.0468	  0.0478	  8.6079	-11	92	-30
ASASSN-15pm	  17.098	    0.11	  0.0488	  0.0478	 -170.03	-167	-120	-205
1995ac	  17.015	  0.0955	  0.0499	  0.0487	  20.119	38	103	51
PS16el	  17.245	  0.1255	  0.0478	   0.049	 -126.33	-151	-30	-189
2006cq	  17.352	  0.1184	  0.0484	  0.0493	 -44.669	-55	72	-53
PS15asb	  17.203	  0.1335	  0.0486	  0.0495	 -107.07	-132	24	-178
PS16dnp	   17.63	  0.1147	  0.0513	    0.05	  -70.97	-58	-33	-60
2007kh	  17.256	  0.3232	    0.05	  0.0494	 -250.68	-248	-169	-269
PS16fbb	  17.578	  0.1197	  0.0525	  0.0514	   91.74	115	214	145
ASASSN-16hc	   17.28	  0.1128	  0.0509	  0.0517	  40.677	39	179	65
2006ot	  17.475	  0.1533	  0.0531	  0.0523	  85.935	106	102	131
AT2016htn	  17.545	  0.1573	  0.0531	  0.0523	  20.941	43	10	54
PS16evk	  17.615	  0.1482	  0.0545	  0.0532	  165.11	194	290	249
2010dt	   17.56	  0.1223	  0.0529	  0.0529	 -69.119	-72	-40	-69
2006lu	  17.571	  0.0986	  0.0534	  0.0545	  291.11	296	208	341
PS16ayd	  17.592	  0.1149	   0.054	  0.0549	  45.733	30	-17	24
490007	  17.579	  0.1383	  0.0544	  0.0551	 -80.939	-88	10	-81
PS16aer	  17.781	  0.1265	  0.0555	  0.0567	 -71.052	-89	3	-109
2005hj	  17.695	  0.1238	  0.0574	  0.0563	 -217.88	-218	-197	-259
2008eq	  17.806	  0.1617	  0.0568	  0.0568	 -136.25	-147	-71	-174
2001ah	  17.709	  0.1793	  0.0578	  0.0584	 -138.06	-146	-226	-149
2008bz	   17.89	  0.0903	  0.0602	  0.0613	  88.721	80	142	99
2006oa	  17.788	  0.1319	  0.0626	  0.0614	 -33.081	-23	-20	-22
1992bs	  18.106	  0.1488	   0.064	  0.0637	 -4.4741	-5	40	-36
2007ae	  17.765	  0.1083	   0.065	  0.0649	 -135.09	-130	-257	-114
PS15cms	   18.07	  0.1444	  0.0648	   0.066	 -69.583	-93	36	-129
6057	  17.873	  0.2124	  0.0671	  0.0665	 -6.3317	-49	-44	-55
SN2016ixf	  18.132	  0.1374	   0.066	  0.0672	  32.316	21	36	28
1993B	  18.018	  0.2022	  0.0696	  0.0708	  146.88	123	133	126
2008Y	  17.983	   0.161	  0.0697	  0.0703	 -79.047	-75	-64	-68
2008Y	  17.996	  0.1502	  0.0697	  0.0703	 -79.047	-75	-64	-68
PS15bwh	  17.982	  0.1146	  0.0727	  0.0715	 -27.116	-16	-28	-23
Gaia16aki	  18.212	   0.124	  0.0736	   0.074	  15.296	8	2	13
PS17bii	  18.133	  0.1372	  0.0734	  0.0747	  58.342	43	55	50
2005ir	  18.254	  0.1264	   0.076	  0.0749	  -83.86	-65	-69	-72
370333	  18.386	  0.1412	   0.075	  0.0756	 -84.052	-78	-68	-72
2007hx	  18.791	   0.132	  0.0794	  0.0785	 -72.372	-56	-57	-62
560033	  18.272	  0.3632	    0.08	  0.0787	 -74.418	-58	-68	-64
12779	  18.486	  0.1695	  0.0799	  0.0789	 -40.944	-32	-48	-35
PS15bzz	  18.284	  0.1053	  0.0802	   0.079	 -83.734	-65	-72	-72
350316	  18.348	  0.1113	   0.079	  0.0797	 -69.207	-64	-50	-59
2005ag	  18.376	  0.0849	  0.0795	  0.0802	  42.091	30	28	36
12950	  18.405	  0.1558	  0.0827	  0.0814	 -71.293	-55	-66	-61
SN2016glp	    18.7	  0.1673	  0.0849	  0.0837	    -122	-100	-108	-104
3592	  18.538	  0.0894	  0.0866	  0.0854	 -76.222	-59	-63	-65
SN2016grz	  18.544	  0.1568	  0.0875	  0.0866	 -133.26	-111	-110	-114
1241	  18.492	  0.1847	  0.0898	  0.0885	 -59.489	-46	-58	-51
590194	  18.613	  0.1557	  0.0895	  0.0901	 -65.547	-60	-47	-56
370066	  18.694	  0.1185	    0.09	  0.0907	 -62.188	-57	-44	-53
300105	  18.851	  0.1954	  0.0931	  0.0918	 -65.653	-51	-61	-56
iPTF17dz	  18.822	  0.3513	   0.092	  0.0928	 -26.346	-26	-12	-23
160099	  18.999	  0.1172	   0.101	  0.1014	 -60.666	-57	-54	-52
140181	  18.931	  0.1426	  0.1015	  0.1023	 -41.294	-41	-34	-35
18697	  18.967	  0.1379	  0.1076	  0.1064	 -61.711	-48	-53	-53
20625	   19.15	  0.1057	  0.1081	  0.1068	 -62.262	-48	-55	-53
21034	  19.181	   0.127	  0.1085	  0.1075	 -62.883	-49	-50	-54
500038	  19.103	  0.1332	  0.1068	  0.1081	  42.526	33	44	37
020027	  19.266	  0.1274	  0.1091	  0.1099	 -37.194	-37	-31	-32
18650	  19.342	  0.1147	  0.1137	  0.1124	 -45.086	-35	-46	-39
18612	  19.084	  0.1386	  0.1149	  0.1137	 -61.606	-48	-53	-53
8719	  19.277	   0.113	  0.1176	  0.1163	 -58.059	-45	-50	-50
5395	  19.338	  0.1307	   0.117	  0.1163	 -46.666	-36	-33	-40
2561	  19.268	  0.1719	  0.1181	  0.1174	 -49.765	-39	-36	-43
490008	  19.361	  0.2139	    0.12	  0.1207	 -51.583	-48	-37	-44
16021	  19.323	  0.1139	  0.1246	  0.1234	 -56.095	-43	-47	-48
6406	  19.347	  0.1019	  0.1245	  0.1238	 -44.457	-34	-32	-38
19543	  19.555	   0.156	  0.1252	  0.1238	 -55.717	-43	-50	-48
13044	  19.487	  0.0879	  0.1259	  0.1245	 -45.028	-35	-45	-39
2992	  19.195	  0.2094	  0.1266	  0.1261	 -38.396	-30	-26	-33
744	    19.4	  0.2036	  0.1283	  0.1269	 -41.926	-33	-43	-36
14871	  19.467	  0.1124	  0.1276	   0.127	 -40.357	-31	-28	-35
18855	  19.491	  0.1246	  0.1278	  0.1272	 -44.354	-34	-32	-38
15508	  19.549	  0.1114	  0.1346	  0.1335	 -50.233	-39	-40	-43
000014	  19.711	  0.1464	  0.1369	   0.136	 -39.871	-30	-30	-34
19775	  19.699	  0.1629	  0.1381	  0.1369	 -33.228	-26	-36	-29
18602	  19.674	  0.1853	  0.1383	   0.137	 -45.309	-35	-44	-39
17366	  19.568	  0.0905	  0.1393	  0.1381	 -27.986	-22	-32	-24
15171	  19.705	  0.1134	  0.1392	  0.1382	 -19.261	-15	-25	-16
190340	  19.726	  0.0876	  0.1396	  0.1382	 -42.346	-33	-42	-36
20084	  19.737	    0.23	  0.1397	  0.1383	 -46.737	-36	-44	-40
090275	  19.715	  0.1031	    0.14	  0.1396	  10.262	13	14	9
1794	  19.914	  0.1305	  0.1419	  0.1407	 -30.016	-23	-33	-26
340229	  19.749	  0.1539	   0.142	  0.1411	 -41.664	-32	-32	-36
2635	  19.778	  0.1133	  0.1437	  0.1431	 -35.688	-27	-24	-31
17497	  19.785	  0.1209	  0.1448	  0.1439	 -43.393	-33	-33	-37
8921	  19.786	  0.1697	  0.1454	  0.1441	 -34.888	-27	-37	-30
13796	  19.692	  0.1209	  0.1487	  0.1473	 -47.132	-37	-43	-40
14024	  19.804	   0.134	  0.1488	  0.1476	 -31.207	-24	-34	-27
180166	  19.851	  0.1201	  0.1475	  0.1476	 -54.987	-50	-51	-47
13736	  19.843	  0.1231	  0.1502	  0.1488	 -42.109	-33	-41	-36
