# SN       GALAXY                   Jmax                 eJmax                  zhel        zcmb       ezcmb       zcorr        Hmax                 eHmax                 
PTF10bjs   MCG+09-21-083            17.013345361598326   0.026713919469254013   0.030014    0.03055    0.0000060   0.03122   	17.15872557909142    0.07152077635645847   
PTF10mwb   LEDA5068087              16.95055668508       0.018565668917772095   0.031360    0.0312368  0.0000600   0.0313755 	17.375494333504854   0.2758290525386636    
PTF10ufj   Anon.                    19.223850435112325   0.08351953072678515    0.077000    0.0761996  0.0050000   0.0766807 	19.242270533136118   0.058238036028141975  
SN1999ee   IC5179                   14.723499439616749   0.012328303674087228   0.011148    0.0102771  0.0000100   0.01074   	14.993249172515917   0.01191325304604388   
SN1999ek   UGC03329                 15.752079717241948   0.011399604509119445   0.017522    0.0176096  0.0000100   0.01758   	15.991101592355674   0.031657837180023456  
SN2004eo   NGC6928                  15.476101171645341   0.0004243502369038684  0.01517     0.0144946  0.0000020   0.01491   	15.653047864596141   0.029431233379332834  
SN2004ey   UGC11816                 15.448786508485739   0.004341639236542263   0.015834    0.0146688  0.0000020   0.01526   	NaN                    NaN                 
SN2005M    NGC2930                  16.494285727615626   0.033178351286298376   0.02484     0.0258381  0.0000470   0.02609   	16.770644644352274   0.029019662735807583  
SN2005el   NGC1819                  15.447983286909343   0.008930126042441082   0.01484     0.0148189  0.0000170   0.01501   	15.671750552372929   0.012194395723777328  
SN2005eq   MCG-01-9-6               16.780131475638573   0.022634221764573532   0.02892     0.0283343  0.0000100   0.0285    	17.155286745232644   0.005806595431482913  
SN2005hc   MCG+00-6-3               17.94023194868094    0.000280661799209198   0.04592     0.0449552  0.0000110   0.04576   	NaN                    NaN                 
SN2005iq   MCG-03-1-8               17.241001543973887   0.06068462412976768    0.03404     0.0329197  0.0001230   0.03361   	NaN                    NaN                 
SN2005kc   NGC7311                  15.417523730442028   0.012456400265950652   0.01509     0.0138552  0.0000020   0.01467   	15.599627033526483   0.01932934489563897   
SN2005ki   NGC3332                  16.098136866546174   0.01792439630968281    0.01946     0.0206554  0.0000080   0.02055   	16.238874695686928   0.025260236412384993  
SN2006ax   NGC3663                  15.702850512565846   0.01316055777050031    0.0165      0.0177424  0.0000190   0.01771   	15.930927418364838   0.009853144563670365  
SN2006et   NGC0232                  16.1534445245264     0.0288144645810482     0.0224      0.0216434  0.0001500   0.02204   	16.344511034512163   0.02700535874807544   
SN2006hx   Anon.                    17.760932165193744   0.036782970705213094   0.04539     0.0442877  0.0000110   0.04466   	NaN                    NaN                 
SN2006kf   UGC2829                  16.2694383756167     0.028233980290098357   0.02004     0.0195452  0.0001800   0.0195    	NaN                    NaN                 
SN2006le   UGC3218                  15.887841705014235   0.011497458700473933   0.017439    0.0172772  0.0000230   0.01854   	16.298541162904755   0.03852373360046534   
SN2006lf   UGC3108                  14.877558841824326   0.020440107185954962   0.013189    0.0129561  0.0000170   0.0125    	NaN                    NaN                 
SN2007S    UGC5378                  15.352619548313987   0.007194192126334885   0.013856    0.0150242  0.0000170   0.01509   	15.529876240474731   0.008258205199800469  
SN2007ai   MCG-04-38-4              17.001414585636667   0.04323501014511189    0.03176     0.0321151  0.0001370   0.03297   	NaN                    NaN                 
SN2007as   ESO-18-G18               15.880789491771687   0.026235572393536515   0.01757     0.0179137  0.0004600   0.01817   	16.10391176571194    0.037330046637540484  
SN2007ba   UGC09798                 17.672656101897747   0.018570380720032375   0.03475     0.0386343  0.0000900   0.03593   	17.516310334953573   0.13530593220524598   
SN2007bc   UGC6332                  16.353676938193257   0.01830690355363767    0.02075     0.0218657  0.0000070   0.02152   	NaN                    NaN                 
SN2007bd   UGC4455                  17.06630371809719    0.040705121860286415   0.03044     0.031411   0.0001000   0.03144   	17.233801737759613   0.1005567010200797    
SN2007ca   MCG-02-34-61             15.689005901830823   0.07988265131141294    0.01406     0.0150888  0.0000100   0.01457   	15.717409199787157   0.011299686270719683  
SN2008bc   Anon.                    15.518938485695774   0.014725864073724853   0.01509     0.0157255  0.0001200   0.01564   	15.704150879154698   0.023790733174995606  
SN2008bf   NGC4061-NGC4065          16.38090058969695    0.011076275918802274   0.02342     0.0237063  0.0000100   0.02473   	NaN                    NaN                 
SN2008gl   UGC881                   17.226210970901086   0.021662105910168674   0.03354     0.0331222  0.0001170   0.03251   	17.422069177713368   0.0386109790468701    
SN2008gp   MCG+00-9-74              17.05466061244922    0.03785568772095393    0.03302     0.0329208  0.0000710   0.03335   	17.459393304241782   0.11110943205500615   
SN2008hj   MCG-02-1-14              17.590514031563764   0.03675900822569862    0.03761     0.0364304  0.0001300   0.03688   	NaN                    NaN                 
SN2008hv   NGC2765                  15.243678017874425   0.14497948822782053    0.01255     0.0136023  0.0000050   0.01392   	15.490505820069448   0.006477301082784381  
SN2009aa   ESO570-G20               16.768863369895183   0.02867535070263516    0.02705     0.0282732  0.0000470   0.02854   	16.98699855066833    0.015554395222923722  
SN2009ad   UGC3236                  16.754385418389603   0.017529285624481337   0.0284      0.02834    0.0000050   0.02884   	16.991915626644115   0.05981073908028166   
SN2009al   NGC3388                  16.437352525899804   0.013962457510500063   0.02207     0.0232797  0.0000800   0.02327   	16.643344632918158   0.025735272569173757  
SN2009bv   IC4199                   17.511646421474484   0.05531998037867662    0.03667     0.0374847  0.0000180   0.03882   	17.7858803768769     0.02473053978733912   
SN2010Y    NGC3392                  15.235722753228433   0.02250892159639228    0.01105     0.0111464  0.0000100   0.0124    	15.10965323520331    0.12500469758276989   
SN2010ag   UGC10679                 17.136605774980644   0.049864580967283544   0.03341     0.0336687  0.0000110   0.03352   	NaN                    NaN                 
SN2010ju   UGC3341                  15.544051710103409   0.002390428389618259   0.015235    0.0153439  0.0000130   0.01523   	15.67535308158608    0.041047132252698834  
SN2010kg   NGC1633                  15.698410802026933   0.027707510912627718   0.01613     0.0164454  0.0000070   0.01602   	15.89856536496634    0.021656789858395403  
SN2011ao   IC2973                   14.82957828215124    0.004047047538610423   0.01074     0.0116748  0.0000020   0.0121    	14.911079876817809   0.02572942026322314   
13asv      SDSSJ162243.02+185733.8  17.090452576509      0.027011992962423      0.03620000  0.03640457 0.0000130   0.03652123	NaN                  NaN                   
13azs      LEDA5068207              17.277783012304      0.035422818354084      0.03383000  0.03375888 0.0000030   0.03563538	NaN                  NaN                   
13dge      NGC1762                  15.632076245017      0.075639287063553      0.01586     0.0158123  0.0000070   0.01586   	15.82939210771       0.28142554246818      
13duj      NGC7042                  15.412507063728      0.057196168613204      0.01695200  0.01586475 0.0000770   0.01726893	15.92738283608       0.03726666658102      
13ebh      NGC0890                  15.045179891384      0.006385511794302      0.01316     0.0123826  0.0000730   0.01107   	15.21665843486       0.00493416189667      
14atg      IC0831                   16.720946291558      0.032020442975113      0.02129000  0.02223493 0.0000670   0.02513461	16.63179243691       0.09739215449121      
14bdn      UGC08503                 15.212665983580      0.013286908955820      0.01558     0.0163547  0.0000530   0.01597   	NaN                  NaN                   
16abc      WISEAJ133445.21+135115.9 16.344985115552      0.030363304019517      0.02319600  0.02414659 0.0001000   0.02460684	16.61317610315       0.03059108433486      
16auf      ECO3633                  15.514653680698      0.020497976103637      0.01502     0.0156592  0.0000430   0.01538   	NaN                  NaN                   
# PTF10hmv SDSSJ121133.31+471628.6  NaN                  NaN                    0.03200000  0.03271534 0.0000700   0.03465125	17.52464620774519    0.03285300007237562   
# PTF10nlg 2MASSJ16503452+6016345   NaN                  NaN                    0.05620000  0.05612247 0.0000500   0.05629136	18.57500190785092    0.03796264073713745   
# PTF10tce Anon.                    NaN                  NaN                    0.04095200  0.03967200 0.0000900   0.03971293	18.00548342039617    0.010327939870940791  
PTF10wnm   Anon.                    18.867011143833132   0.08492666838641032    0.06560000  0.06442187 0.0000800   0.06449367	18.910456099763312   0.03989240681563186   
