#name	m_b	err_m_b	zhel	zcmb	vp	vp_2mpp_sdss_6df	vp_2mrs	vp_2mpp
ASAS14ad	  16.289	 0.19134	  0.0264	0.027435	 -1246.7	    -436	    -290	    -548
ASAS14hp	  16.733	 0.19089	  0.0389	0.038674	  405.23	     230	     303	     244
ASAS14hr	  16.629	 0.19213	  0.0336	0.032723	  4.5753	      -8	       1	     -11
ASAS14hu	  15.539	 0.19009	  0.0216	0.021907	  86.375	     104	     179	      85
ASAS14jc	  14.354	 0.19096	  0.0113	0.011763	 -273.56	     -41	      74	     -98
ASAS14jg	  14.576	 0.23994	  0.0148	 0.01433	 -459.64	    -124	     -74	    -197
ASAS14jz	  14.715	 0.19062	  0.0158	0.015628	 -160.09	      -8	     -54	     -81
ASAS14kd	  15.855	 0.19124	   0.024	0.022768	 -234.96	    -120	    -147	    -141
ASAS14kq	  16.606	 0.19091	  0.0336	 0.03262	 -326.54	     -82	     -96	    -119
ASAS14lo	  15.557	 0.23851	  0.0199	0.020998	  579.75	     540	     528	     658
ASAS14lp	  11.482	  0.1904	  0.0051	0.0062288	  149.58	     182	     203	     257
ASAS14lq	  15.979	  0.3018	  0.0262	 0.02511	 -184.46	     -78	     -52	    -110
ASAS14lt	  16.359	 0.19605	   0.032	0.031432	 -278.46	    -253	    -291	    -359
ASAS14lw	  15.887	 0.19177	  0.0209	0.020275	  -77.07	     158	     117	     169
ASAS14me	   15.15	 0.19026	  0.0178	0.017386	 -51.248	      50	      81	      27
ASAS14mf	  16.502	 0.19203	  0.0311	0.030172	 -356.88	    -175	    -118	    -229
ASAS14mw	  16.012	 0.19065	  0.0274	0.027134	 -110.76	      81	     126	      56
ASAS14my	  15.452	 0.19116	  0.0205	0.021728	  -229.1	     -71	      34	    -129
ASAS15aj	  14.244	 0.19074	  0.0109	0.012008	  155.89	      -6	      44	     -60
ASAS15al	  16.797	  0.2419	  0.0338	0.033785	   377.2	      49	      61	      51
ASAS15as	  16.158	  0.1923	  0.0286	0.029704	 -437.71	    -116	    -130	    -157
ASAS15ba	    15.9	  0.1911	  0.0231	 0.02396	 -201.52	     367	     247	     475
ASAS15be	  15.577	 0.19042	  0.0219	0.021406	 -415.22	    -101	     -90	    -157
ASAS15bm	  15.343	 0.19123	  0.0208	0.021454	  454.28	     253	     309	     296
ASAS15cb	   16.78	 0.30449	    0.04	0.041126	 -168.11	     -15	     139	     -29
ASAS15cd	  16.701	 0.19197	  0.0343	0.035403	 -691.78	    -272	    -150	    -328
ASAS15da	  17.634	 0.25616	   0.055	 0.05512	 -606.03	    -260	    -169	    -333
ASAS15db	  14.399	  0.1909	   0.011	0.011378	 -162.17	     -53	     -18	     -58
ASAS15dd	  15.899	 0.19162	  0.0244	0.024785	  568.14	     231	     264	     289
ASAS15eb	   15.55	 0.26502	  0.0165	0.017338	 -171.07	      15	      59	      -3
ASAS15fr	  16.975	 0.24702	  0.0334	0.034495	 -251.09	     -60	      41	     -86
ASAS15go	  15.482	  0.1905	  0.0189	0.019245	  171.42	     111	     135	     126
ASAS15gr	  15.961	 0.19064	  0.0243	0.024785	  712.77	     326	     379	     379
ASAS15hf	  13.933	 0.19027	  0.0062	0.0072719	   43.52	     486	     525	     570
ASAS15hg	  16.554	 0.24228	  0.0297	0.030818	 -449.29	    -133	    -146	    -183
ASAS15hx	   13.35	 0.19087	  0.0083	0.0092051	  187.21	     576	     574	     673
CSP12G	  16.771	 0.28872	   0.037	0.037992	 -524.51	    -195	     -93	    -238
CSP12J	  14.325	 0.43974	  0.0147	0.014944	 -139.75	      61	     138	      28
CSP12N	  18.967	 0.19419	  0.0971	0.098241	 -42.597	      79	      83	      83
CSP13aad	  18.582	 0.23841	  0.0868	0.086571	 -61.821	      87	      83	      82
CSP13aaf	  18.409	 0.19207	  0.0776	0.078733	   2.211	      31	      46	      36
CSP13aam	  18.273	 0.19676	  0.0749	0.075044	 -135.38	     110	     111	     106
CSP13aao	  17.346	 0.33718	  0.0614	0.061645	 -147.19	     -43	      47	     -99
CSP13aaq	  18.007	 0.19264	  0.0597	0.059712	 -64.226	      65	    -209	      29
CSP13aay	  18.014	 0.19123	   0.059	0.058796	 -861.76	     379	     566	     452
CSP13abm	  16.368	  0.1908	  0.0282	0.027549	 -498.64	    -171	    -215	    -210
CSP13abs	  18.451	 0.20612	  0.0771	  0.0783	 -46.641	      63	      72	      70
CSP13N	  16.859	 0.23663	  0.0478	0.048837	 -279.19	     -47	      -2	     -52
CSP13Q	  18.618	  0.3887	   0.089	0.088766	 -55.568	      83	      79	      78
CSP13Z	  18.225	 0.19218	  0.0788	0.080024	 -60.601	      82	      93	      86
CSP14aaq	  16.866	 0.20107	  0.0359	0.036162	  88.294	     429	     484	     513
CSP14aar	   17.09	 0.19206	  0.0422	0.042415	  62.032	     112	     211	      99
CSP14abn	  15.698	 0.19048	  0.0225	0.023275	 -64.856	      76	     233	      55
CSP14acl	  16.723	 0.19254	    0.03	0.028953	 -154.21	    -108	    -143	    -128
CSP14acy	   17.46	 0.19285	  0.0664	0.066053	 -90.737	     133	     133	     126
CSP14adc	  16.281	  0.1922	  0.0324	0.031611	 -620.37	     -52	     172	     -23
CSP14ade	  17.822	 0.19286	  0.0625	0.062679	 -93.746	      80	      55	      51
CSP15aae	  15.037	  0.1922	  0.0162	 0.01699	  416.66	     210	     278	     267
CSP15B	  15.466	 0.19194	  0.0199	0.020834	  23.673	     134	     281	     135
KISS13j	  18.356	  0.1956	  0.0765	  0.0776	 -38.962	      24	      33	      31
KISS13l	  19.871	 0.89404	   0.132	 0.13299	  10.055	      -8	      -0	      -4
KISS13v	  18.833	  0.1935	  0.0799	0.080713	 -40.411	       7	      10	      13
KISS15m	  16.036	 0.19618	  0.0243	0.025364	  726.03	    -337	    -375	    -487
KISS15n	  15.353	  0.1924	  0.0231	0.023994	 -348.28	     -70	    -395	    -180
LSQ11bk	  17.227	 0.19309	  0.0403	0.040053	 -1091.4	    -427	    -452	    -583
LSQ11ot	  16.945	 0.19084	  0.0273	0.027302	 -306.24	      76	      43	     112
LSQ11pn	  16.218	 0.19813	  0.0327	0.032708	 -512.25	    -237	    -291	    -282
LSQ12agq	  18.075	 0.24973	  0.0642	0.065403	 -384.72	    -114	      28	    -162
LSQ12aor	  19.362	 0.20794	  0.0933	0.094523	 -27.741	      74	      83	      78
LSQ12bld	  18.529	 0.19562	  0.0834	0.084341	 -71.056	      39	      42	      46
LSQ12btn	  17.704	 0.19155	  0.0542	0.055297	 -17.566	      32	    -177	       7
LSQ12ca	  18.987	 0.29517	  0.0994	0.099547	  -55.54	      21	      29	      18
LSQ12cda	  19.772	 0.94095	  0.1375	 0.13841	 -8.3818	      24	      26	      29
LSQ12cdl	  19.136	 0.26667	  0.1079	   0.109	 -37.609	      77	      81	      81
LSQ12fuk	  15.683	 0.24623	  0.0206	0.020571	  72.882	      28	      60	      27
LSQ12fvl	  17.529	 0.19383	  0.0559	0.055947	 -789.25	    -223	    -175	    -305
LSQ12fxd	  16.263	 0.19044	  0.0312	0.031314	  794.61	     295	     363	     360
LSQ12gdj	  16.058	 0.19243	  0.0303	0.029278	 -408.68	    -180	    -130	    -236
LSQ12gef	  18.185	 0.19527	  0.0642	0.063224	 -231.44	    -158	      -7	    -170
LSQ12gln	  19.214	 0.19417	   0.102	 0.10213	 -61.649	      43	      49	      39
LSQ12gxj	  17.366	 0.19064	  0.0355	0.034796	 -628.84	    -259	    -262	    -307
LSQ12gyc	  18.895	 0.19332	  0.0931	0.092451	 -20.006	     -10	     -10	     -16
LSQ12gzm	  19.376	 0.19908	  0.0999	0.099367	 -21.097	      23	      22	      18
LSQ12hjm	  18.346	 0.19078	  0.0714	0.070847	 -98.666	     -13	     -10	     -19
LSQ12hno	  17.729	 0.19275	  0.0473	0.046841	 -615.32	    -289	    -293	    -349
LSQ12hnr	  19.653	 0.30451	  0.1349	 0.13613	 0.86718	      51	      59	      54
LSQ12hvj	  18.326	 0.19479	  0.0713	 0.07244	 -95.024	     119	     127	     122
LSQ12hxx	  17.917	 0.19851	  0.0694	0.068954	 -157.79	      16	      18	       9
LSQ12hzj	  16.663	 0.19107	  0.0334	0.034575	 -333.63	     -41	      48	     -69
LSQ12hzs	   18.42	 0.19211	  0.0721	0.071837	 -163.08	      22	      27	      16
LSQ13abo	  18.269	 0.20161	  0.0674	0.068086	 -165.47	      95	      91	     100
LSQ13aiz	  13.453	  0.1911	  0.0092	0.010249	  650.34	     280	     309	     339
LSQ13cwp	  18.125	  0.1931	  0.0666	0.066247	  -96.83	      -7	      50	      -1
LSQ13dby	  19.263	 0.19629	  0.0999	0.099537	 -25.215	      28	      29	      23
LSQ13dcy	  18.769	 0.19732	  0.0801	0.080067	 -67.262	      17	      24	      12
LSQ13dhj	  19.259	 0.20291	  0.0935	0.092903	 -32.017	      27	      25	      21
LSQ13dkp	  18.137	 0.19461	  0.0689	 0.06849	 -177.11	      39	      39	      32
LSQ13dpm	  17.727	 0.19042	  0.0509	0.052097	  207.08	     119	     162	     128
LSQ13dqh	  19.288	 0.19678	  0.1038	 0.10354	  14.332	     -24	     -18	     -27
LSQ13dsm	  17.211	 0.19054	  0.0424	0.042006	 -310.77	     -87	    -122	    -130
LSQ13pf	  19.239	 0.32798	   0.086	0.086964	 -88.242	      78	      79	      83
LSQ13ry	  16.615	 0.19061	  0.0298	0.030995	 -134.06	     -48	      74	     -67
LSQ13vy	  17.217	 0.19048	  0.0418	0.042136	 -434.81	    -112	    -126	    -149
LSQ14act	  18.069	 0.19207	   0.059	0.059402	 -161.91	     263	     169	     312
LSQ14age	  18.684	 0.19344	  0.0805	0.081536	 -99.754	      86	      89	      92
LSQ14ahc	  17.579	 0.19186	  0.0509	0.051794	 -699.13	    -294	    -591	    -553
LSQ14ahm	  17.598	 0.19227	  0.0498	0.051021	  -8.489	      73	     139	      68
LSQ14ajn	  15.728	 0.19109	   0.021	0.022148	 -133.92	     -55	    -120	     -71
LSQ14asu	  18.573	 0.19452	  0.0684	0.069597	 -99.969	     108	     118	     112
LSQ14auy	  18.735	 0.19649	  0.0824	0.083213	 -101.15	      62	      61	      67
LSQ14azy	  17.492	 0.24838	  0.0458	0.046969	 -500.66	    -144	      26	    -186
LSQ14ba	   18.45	 0.19425	  0.0775	0.078721	 -71.593	      87	      98	      92
LSQ14bbv	  17.709	 0.19083	  0.0588	 0.05848	 -433.22	     -73	    -139	    -153
LSQ14bjj	  18.626	 0.19103	  0.0811	0.081944	 -106.16	      66	      65	      71
LSQ14fms	   18.51	 0.19323	  0.0779	0.077277	  -43.76	      60	      52	      54
LSQ14foj	  17.152	 0.19175	  0.0461	0.045204	 -12.684	     281	     347	     333
LSQ14fom	  17.634	 0.19253	  0.0563	0.055368	  514.64	     221	     380	     261
LSQ14gfb	    17.5	 0.26296	  0.0527	0.052781	 -287.71	      22	     -29	     -12
LSQ14gfn	  19.286	  0.1975	  0.1216	 0.12108	  22.113	     -27	     -24	     -31
LSQ14ghv	  18.317	  0.1913	  0.0667	0.066303	 -192.37	      13	     -29	      -2
LSQ14gov	  18.881	 0.19158	  0.0895	0.089206	 -28.882	      -3	       2	      -7
LSQ14ie	  19.006	  0.1923	  0.0895	0.090509	 -91.809	     108	     111	     112
LSQ14ip	  17.948	 0.20142	  0.0613	0.062423	  15.981	      64	      89	      80
LSQ14jp	  17.481	 0.19201	  0.0454	  0.0465	 -389.65	     260	     -14	     305
LSQ14mc	  17.774	 0.19084	  0.0566	0.057546	 -232.37	    -106	      -1	    -123
LSQ14q	  18.148	 0.19136	   0.067	0.067921	  351.23	      -6	      12	      -2
LSQ14wp	  18.326	 0.19229	  0.0695	0.070663	 -31.706	      37	      52	      43
LSQ14xi	  17.738	 0.19337	  0.0507	0.051859	  -640.9	    -155	    -115	    -225
LSQ15aae	   17.53	 0.19079	  0.0516	0.051806	 -336.09	    -109	    -133	    -141
LSQ15agh	  17.764	 0.19045	    0.06	0.061061	 -116.84	     -42	      18	     -42
LSQ15aja	  18.273	 0.19048	    0.07	0.070014	 -106.94	      -2	     -12	       2
LSQ15alq	   17.21	 0.19055	  0.0471	0.048129	  411.78	      88	    -217	      76
LSQ15bv	  18.179	 0.19327	  0.0689	0.070117	 -101.93	      97	     108	     102
PS1-14ra	   16.21	 0.19063	  0.0281	0.028815	  165.31	     191	     230	     246
PS1-14rx	  18.488	 0.20232	   0.067	0.068048	 -104.68	      31	      39	      39
PS1-14xw	  15.755	 0.19123	  0.0245	0.024596	  353.98	      74	     130	      91
PS15sv	  16.403	 0.19094	  0.0333	0.033607	 -374.78	    -119	     -51	    -169
PTF11pbp	  16.145	  0.1905	  0.0289	0.027667	 -138.68	    -121	    -159	    -133
PTF11ppn	  17.555	 0.82874	  0.0673	0.066234	  -20.67	     -95	      60	     -90
PTF11pra	  14.901	 0.23592	  0.0175	0.016681	 -57.714	     -69	       4	     -86
PTF11qnr	  14.819	 0.19101	  0.0162	0.014982	 -340.36	    -162	    -192	    -201
PTF13anh	   18.35	 0.19602	  0.0615	0.062497	 -146.83	     147	     161	     190
PTF13duj	  15.007	 0.19665	  0.0169	0.015827	 -469.44	    -259	    -276	    -319
PTF13dwl	  18.853	 0.19462	  0.0874	0.086317	 -10.927	     -60	     -73	     -63
PTF13ebh	  14.411	 0.19205	  0.0133	0.012524	   926.1	     417	     322	     537
PTF13efe	  18.352	 0.19176	   0.075	0.075898	  35.554	      -5	      11	      -1
PTF13ez	    16.5	 0.20457	  0.0435	0.044568	 -346.68	     -91	      11	    -110
PTF14aje	   16.49	 0.19211	  0.0277	0.028256	  254.81	     181	     236	     226
PTF14fpg	   16.75	 0.19059	   0.034	 0.03283	  219.73	      54	      15	      80
PTF14gnl	   17.54	 0.19099	  0.0537	0.052545	 -31.408	      -7	      83	       2
PTF14uo	  18.949	 0.19249	  0.0912	0.092204	 -37.497	      35	      39	      41
PTF14w	  15.671	 0.19048	  0.0189	0.020091	 -402.74	     200	      63	     262
PTF14yy	  17.566	 0.19343	   0.043	 0.04412	 -307.23	     -64	      43	     -89
2011iy	  11.474	 0.19453	  0.0043	0.0053724	   148.8	     442	     359	     601
2011jh	   13.81	 0.19081	  0.0078	0.0089321	   180.8	     194	     226	     224
2011jn	  16.984	 0.27005	  0.0474	0.048495	  90.785	    -122	    -423	    -225
2011jt	  16.058	 0.30083	  0.0278	 0.02849	  288.84	     172	     226	     236
2012ah	  14.541	 0.24267	  0.0124	0.012376	 -380.87	      23	      86	     -26
2012aq	  17.398	 0.25813	   0.052	0.052588	 -362.67	    -118	      -1	    -140
2012ar	  16.219	 0.19048	  0.0282	0.028496	 -212.32	    -162	    -138	    -259
2012bl	  15.137	 0.19253	  0.0187	0.018207	 -459.61	    -176	    -113	    -280
2012bo	  16.109	 0.19047	  0.0254	0.026518	 -536.42	    -132	      23	    -195
2012E	  15.419	 0.19103	  0.0202	0.019402	  127.02	      31	      69	      56
2012fr	  12.094	 0.19067	  0.0055	0.0051757	  -85.61	    -215	    -180	    -319
2012G	  16.038	 0.19076	  0.0258	0.026849	 -1233.2	    -408	    -309	    -532
2012gm	  14.814	 0.19016	  0.0148	0.013573	 -111.26	    -105	    -129	    -109
2012hd	  14.407	 0.19038	  0.0119	0.011091	 -264.62	    -111	     -94	    -157
2012hl	  16.697	 0.19138	   0.033	0.031922	 -303.85	    -156	    -201	    -165
2012hr	  13.545	 0.19028	  0.0076	0.0079149	 -127.37	     -97	     -42	    -163
2012ht	  12.898	 0.19085	  0.0036	0.004728	   90.62	     -19	     -68	      -5
2012id	  14.941	 0.25049	  0.0157	0.015503	  133.55	      46	     116	      87
2012ij	  14.307	 0.19572	   0.011	0.012117	 -123.35	     -53	      99	     -61
2012U	  15.432	 0.34977	  0.0197	0.019315	 -181.96	      72	      93	      49
2013aa	  11.286	 0.19021	   0.004	0.0046688	   81.13	     452	     439	     521
2013aj	  13.732	  0.1906	  0.0091	0.010045	  150.32	     118	     165	     129
2013ay	  14.292	  0.2544	  0.0157	0.015636	  415.09	     -45	     -77	    -123
2013az	   16.67	 0.24081	  0.0373	0.037511	  680.14	     211	     305	     248
2013bc	  15.534	 0.24686	  0.0225	0.023578	 -267.23	    -138	     -64	    -228
2013bz	  15.175	 0.19465	  0.0192	0.020232	  168.59	     210	     292	     239
2013cg	  13.578	 0.28035	  0.0079	0.0089623	 -38.698	      38	     118	      17
2013ct	  11.382	  0.4056	  0.0038	0.0027369	 -49.659	    -241	    -221	    -284
2013E	  13.649	 0.19086	  0.0094	 0.01045	  293.88	      54	     135	      37
2013fy	  16.184	 0.19115	  0.0308	0.030144	   191.4	     167	     285	     179
2013fz	  15.412	 0.19033	  0.0206	0.020558	 -141.66	     -15	      57	     -53
2013gv	  16.662	 0.19255	  0.0341	0.033462	  -437.6	    -198	    -326	    -267
2013gy	  14.614	 0.19036	   0.014	0.013545	  200.54	      -9	      74	      -5
2013H	  15.121	 0.19017	  0.0155	0.015902	  -325.1	      64	      90	      26
2013hn	  14.912	 0.24351	  0.0151	0.015997	  156.95	     125	      67	     111
2013M	  16.483	 0.19055	  0.0349	0.035713	   888.9	     365	     634	     425
2013U	  16.525	 0.19238	  0.0345	0.035668	 -291.32	    -104	       4	    -140
2014ao	  15.052	 0.19071	  0.0141	0.015055	 -379.51	    -118	     -51	    -163
2014at	  16.473	 0.19027	  0.0322	0.031523	  161.68	      85	     208	      73
2014ba	  13.386	 0.30642	  0.0058	0.0049536	 -147.12	     -77	     -96	    -129
2014dn	  15.269	 0.19097	  0.0222	0.022167	 -86.868	      39	     114	      15
2014eg	  14.725	 0.19142	  0.0186	0.018311	 -210.71	      44	      74	       8
2014I	  16.295	 0.19034	    0.03	0.030211	  651.23	     281	     324	     338
2014Z	  15.509	  0.2377	  0.0213	0.020965	 -137.25	     -32	      61	     -82
2015F	  12.493	 0.19042	  0.0049	0.0052938	 -65.691	      67	     103	      28
SNhunt281	  13.292	 0.19025	  0.0041	0.0047393	  102.29	     150	      26	     188
2004ef	   16.38	 0.19056	   0.031	0.029805	 -162.39	     -85	    -193	     -80
2004eo	  14.932	 0.19143	  0.0157	0.014745	  -405.5	    -192	    -234	    -240
2004ey	  14.935	 0.19031	  0.0158	0.014651	 -406.79	    -176	    -228	    -215
2004gs	  16.346	 0.19065	  0.0267	0.027571	 -445.08	     -94	    -151	    -109
2004gu	  17.204	 0.19465	  0.0459	0.046969	 -227.35	     -44	       6	     -62
2005A	  15.246	 0.19159	  0.0191	0.018314	  5.5964	     -62	     -15	     -70
2005ag	  18.391	 0.19097	  0.0797	 0.08035	 -104.08	      30	      28	      36
2005al	  14.924	 0.19085	  0.0124	0.013292	  744.15	     419	     271	     503
2005am	  13.283	 0.19082	  0.0079	0.008973	 -46.226	     -23	      58	     -62
2005be	  16.629	 0.25121	   0.035	0.035599	 -26.966	       5	     109	       9
2005bg	  15.783	 0.24571	  0.0231	0.024188	 -333.06	     -96	    -330	    -158
2005bo	  14.863	 0.19076	  0.0139	0.015026	 -14.458	      98	     152	     106
2005el	  14.985	 0.19193	  0.0149	0.014885	 -49.222	     -41	      17	     -40
2005eq	  16.425	 0.19152	   0.029	0.028394	 -226.75	      45	      54	      59
2005hc	  17.437	 0.19143	  0.0459	0.044977	 -482.16	    -230	    -306	    -280
2005hj	   17.94	 0.19725	  0.0574	0.056382	 -133.65	    -209	    -235	    -246
2005iq	  16.809	  0.1916	   0.034	0.032909	 -394.26	    -141	    -140	    -187
2005ir	  18.239	 0.19622	  0.0763	0.075248	 -78.846	     -65	     -69	     -72
2005kc	   14.89	 0.19166	  0.0151	 0.01388	 -371.15	    -162	    -221	    -193
2005ki	  15.501	 0.19078	  0.0192	0.020376	  87.182	     130	     155	     165
2005ku	  17.247	 0.26491	  0.0454	0.044174	 -162.99	    -113	    -198	    -130
2005lu	  16.598	 0.25549	   0.032	0.031307	  -410.9	     -57	     -75	     -81
2005M	  16.078	 0.19031	   0.022	0.022974	 -165.91	      18	      10	      38
2005mc	  16.034	 0.24571	  0.0252	0.026003	 -378.66	     -94	    -113	    -103
2005na	  16.019	 0.19127	  0.0263	0.026811	 -309.15	     -27	    -100	     -18
2005W	  13.656	 0.19096	  0.0089	0.0079669	  79.473	      37	       9	      68
2006ax	  15.251	 0.19104	  0.0167	 0.01793	  -101.7	      65	     152	      60
2006bh	  14.255	 0.19081	  0.0109	0.010553	 -328.34	      31	      41	     -15
2006D	  13.669	 0.21256	  0.0085	0.0096207	  186.99	     194	     226	     224
2006ef	  15.383	 0.26353	  0.0179	0.017036	  -140.8	    -109	     -23	    -152
2006ej	  15.581	 0.23517	  0.0205	0.019397	 -482.27	    -297	    -254	    -390
2006eq	  17.391	 0.26031	  0.0495	0.048392	  238.22	      54	     199	      80
2006et	  15.527	  0.1913	  0.0226	0.021622	 -392.77	    -132	    -137	    -177
2006ev	  16.507	 0.24858	  0.0287	0.027586	 -402.26	    -142	    -190	    -173
2006fw	  18.708	 0.24514	  0.0835	0.082544	 -46.503	     -57	     -60	     -64
2006gj	  16.561	 0.19218	  0.0284	0.027817	 -257.95	      75	      55	     107
2006hx	  17.096	 0.21575	  0.0455	0.044441	 -240.01	    -160	      92	    -194
2006is	  16.194	 0.24805	   0.031	0.031088	  762.31	     283	     328	     347
2006kf	  15.704	 0.19118	  0.0213	0.020813	  143.66	       1	      32	      20
2006lu	  17.602	 0.24318	  0.0534	0.054431	 -33.779	     296	     208	     341
2006ob	  17.714	 0.19347	  0.0592	0.058258	  -139.9	    -178	    -189	    -210
2006os	  16.641	 0.24283	  0.0328	0.032094	 -460.06	    -242	    -308	    -322
2006py	   17.64	 0.19606	  0.0579	0.056684	 -101.65	      36	     432	      52
2006X	  11.701	 0.19197	  0.0052	0.0062841	  120.17	    -106	     -83	    -127
2007A	  15.219	 0.19113	  0.0177	0.016531	 -308.63	     -85	     -83	     -88
2007af	  12.948	 0.19079	  0.0055	0.0063291	  146.58	      16	      26	       6
2007ai	  16.464	 0.19302	  0.0317	0.032047	 -581.68	    -169	    -103	    -239
2007as	  15.158	 0.19111	  0.0176	0.017936	 -459.92	     -59	      -4	    -143
2007bc	  15.679	 0.19117	  0.0208	0.021893	 -144.59	     167	     121	     261
2007bd	  16.506	 0.19368	  0.0309	0.031842	 -40.721	      57	      13	      69
2007bm	  13.116	 0.19152	  0.0062	0.0074332	  109.94	      37	     109	      28
2007ca	  15.207	 0.19167	  0.0141	0.015113	  211.48	     190	     192	     213
2007cg	  16.907	 0.40247	  0.0332	0.034194	  590.94	     361	     569	     450
2007hj	  14.707	 0.19138	  0.0141	0.012878	 -139.71	     -97	    -143	     -99
2007hx	  18.626	  0.2581	  0.0794	0.078514	 -45.005	     -56	     -57	     -62
2007jd	  18.477	 0.26864	  0.0726	0.071928	 -49.081	     -57	     -54	     -63
2007jg	  17.119	 0.19158	  0.0371	 0.03657	 -877.34	    -314	    -483	    -432
2007le	  13.063	  0.1907	  0.0067	0.0055058	 -110.77	    -234	    -237	    -290
2007nq	  17.069	 0.19185	   0.045	0.043904	  474.48	    -289	     148	    -352
2007ol	  17.875	 0.21134	  0.0559	0.054912	 -145.15	    -207	    -128	    -250
2007on	  12.371	 0.19266	  0.0065	0.0061926	 -92.505	    -244	    -177	    -349
2007S	  14.926	 0.19214	  0.0139	0.015053	 -115.19	     -33	      78	     -44
2007sr	  12.362	  0.2333	  0.0055	0.0066824	  137.87	     264	     333	     316
2007st	  15.282	 0.27119	  0.0212	0.020684	 -159.86	      13	      45	     -30
2008ar	  16.183	 0.19194	  0.0261	0.027217	 -1137.7	    -400	    -248	    -529
2008bc	  14.883	 0.19037	  0.0151	 0.01573	 -135.95	      62	     149	      29
2008bf	  15.861	 0.19056	  0.0235	 0.02457	  310.95	     -59	    -377	     -91
2008bq	  16.558	 0.19092	   0.034	0.034459	  920.85	     229	     240	     261
2008bz	  18.024	 0.24263	  0.0603	 0.06139	 -139.74	      80	     142	      99
2008C	  15.157	 0.25835	  0.0166	0.017057	 -247.41	     -87	    -104	     -91
2008cc	  13.755	 0.24257	  0.0104	0.010136	  97.358	     213	     188	     224
2008cf	  17.115	 0.24135	   0.046	0.046859	 -256.49	       4	      85	     -35
2008ff	  14.967	 0.19423	  0.0193	0.018779	 -234.67	    -178	    -114	    -290
2008fl	  15.457	 0.23456	  0.0199	0.019417	  196.24	    -152	     -50	    -263
2008fp	  12.636	 0.19102	  0.0057	0.0063268	 -65.053	      24	     -33	       4
2008fr	  16.897	 0.25447	  0.0397	0.038633	 -80.829	     -94	      59	     -92
2008fu	  17.667	 0.27407	   0.052	0.051464	  55.106	       5	      72	      -5
2008fw	  13.886	 0.24568	  0.0085	0.0094633	  6.2997	     443	     353	     533
2008gg	  16.239	 0.24267	   0.032	0.031072	 -9.6911	      -8	       0	     -14
2008gl	  16.618	 0.19108	   0.034	0.032953	  50.124	     -59	     -37	     -57
2008go	  17.912	 0.19204	  0.0623	0.061247	  82.084	     -56	     236	     -89
2008gp	    16.5	 0.19177	  0.0334	0.032834	 -597.39	    -265	    -256	    -314
2008hj	  16.814	 0.19078	  0.0379	0.036756	  -225.9	    -106	    -103	    -132
2008hu	  17.622	 0.24949	  0.0497	 0.05056	 -20.942	      45	     -13	      38
2008hv	  14.757	  0.1918	  0.0126	 0.01364	 -255.18	     -59	       3	     -80
2008ia	  15.837	 0.19401	  0.0219	0.022513	 -103.72	      61	     132	      24
2008O	  16.972	 0.19497	  0.0389	0.039388	  473.74	     281	     334	     348
2008R	  14.625	  0.1919	  0.0135	0.012894	 0.66533	      58	      78	      76
2009aa	  16.245	 0.19218	  0.0273	0.028491	 -343.65	     -44	      88	     -89
2009ab	  14.523	 0.19183	  0.0112	0.010899	  305.41	     145	     162	     190
2009ad	  16.218	  0.1931	  0.0284	0.028337	 -270.21	     -23	    -120	     -12
2009ag	   14.14	 0.19345	  0.0086	0.0092144	 -122.75	    -214	    -117	    -294
2009al	  15.657	  0.2369	  0.0221	0.023286	 -35.344	     -67	      29	     -92
2009cz	  15.641	 0.19154	  0.0211	0.021955	 -142.57	      38	      -2	      70
2009D	  15.822	 0.19068	   0.025	0.024664	   225.6	      76	      94	      88
2009ds	  15.203	 0.19274	  0.0193	0.020519	 -183.55	      15	      65	     -12
2009I	  16.375	 0.19849	  0.0262	0.025481	  17.774	     -54	     -81	     -58
2009le	  15.071	 0.19118	  0.0178	0.017054	 -367.13	    -134	    -102	    -183
2009P	  15.925	 0.20226	  0.0251	0.026334	 -330.57	     -32	      14	     -63
2009Y	  13.532	 0.19182	  0.0094	0.010157	   286.7	     153	     172	     168
