#name	m_b	err_m_b	zhel	zcmb	vp	vp_2mpp_sdss_6df	vp_2mrs	vp_2mpp
1998bu	  30.034	 0.12421	0.002894	0.004059	0	157	78	226
1999ee	  33.175	 0.12423	0.011148	0.010277	0	-147	-163	-205
1999ek	  34.196	 0.12561	0.017522	 0.01761	0	22	19	53
2000bh	  34.889	 0.12703	0.023046	0.024212	0	0	127	-35
2000ca	  34.987	 0.12406	0.023616	0.024541	0	175	314	180
2001ba	  35.668	 0.12484	0.029517	0.030658	0	118	200	108
2001bt	  33.787	 0.12463	0.014917	0.014725	0	6	30	-73
2001cn	  33.933	 0.12819	0.015154	0.015087	0	-45	-77	-123
2001cz	  33.959	 0.12652	0.015447	 0.01642	0	-115	-23	-192
2001el	  31.306	 0.12381	0.003876	0.003659	0	-66	-88	-133
2002dj	  32.943	 0.12699	 0.00937	0.010426	0	280	309	339
2003du	  32.838	  0.1245	0.006377	0.006644	0	-259	-283	-290
2003hv	  31.192	 0.12289	  0.0055	0.004984	0	-189	-155	-280
2004S	   33.22	 0.12804	0.009298	  0.0098	0	-212	-120	-297
2004ef	   35.45	 0.12515	0.031011	0.029782	0	-85	-193	-80
2004eo	  33.937	 0.12336	0.015464	0.014495	0	-192	-234	-240
2004ey	  34.088	 0.12236	0.015834	0.014669	0	-176	-228	-215
2004gs	  35.354	 0.12486	0.027399	0.028295	0	-94	-151	-109
2005cf	   32.31	 0.12554	 0.00643	0.007013	0	-41	-32	-71
2005el	  33.813	 0.12155	 0.01483	0.014819	0	-41	17	-40
2005iq	  35.886	 0.12505	0.034043	 0.03292	0	-141	-140	-187
2005kc	   33.73	 0.12408	 0.01509	0.013855	0	-162	-221	-193
2005ki	  34.507	 0.12221	0.019458	0.020655	0	81	114	102
2005lu	  35.654	 0.14089	0.032189	0.031479	0	-57	-75	-81
2005na	   35.26	 0.13322	0.026322	0.026849	0	-27	-100	-18
2006D	  32.859	 0.12582	 0.00853	0.009656	0	108	186	119
2006N	  33.782	 0.12987	0.014277	 0.01427	0	-182	-95	-180
2006ac	  35.074	 0.12827	0.023094	0.023953	0	-135	-273	-171
2006ax	  34.304	 0.12294	0.016495	0.017742	0	65	152	60
2006bh	   33.26	 0.12316	0.010767	0.010417	0	31	41	-15
2006cp	  34.933	  0.1317	0.022289	0.023338	0	305	-60	455
2006ej	  34.646	  0.1311	 0.02038	 0.01926	0	-297	-254	-390
2006kf	  34.599	 0.12397	0.020037	0.019545	0	41	54	68
2006lf	  33.424	 0.12255	0.013189	0.012956	0	164	223	247
2007A	  34.196	 0.12413	0.017646	0.016461	0	-85	-83	-88
2007af	  31.924	 0.12323	0.005524	0.006353	0	16	26	6
2007ai	  35.501	  0.1251	0.031762	0.032115	0	-169	-103	-239
2007as	  34.457	 0.12409	0.017572	0.017914	0	-59	-4	-143
2007bc	  34.691	 0.12475	0.020752	0.021866	0	167	121	261
2007bd	  35.613	 0.12514	 0.03044	0.031411	0	57	13	69
2007ca	  34.012	 0.12349	0.014066	0.015089	0	190	192	213
2007co	   35.39	 0.13036	0.026962	0.026549	0	-232	-239	-270
2007cq	  34.883	 0.12965	 0.02604	0.024814	0	-72	-109	-78
2007jg	  36.134	 0.12542	0.037069	0.036525	0	-314	-483	-432
2007le	  32.091	 0.12252	0.006721	0.005523	0	-234	-237	-290
2007qe	   35.11	 0.12816	 0.02396	0.022796	0	-220	-238	-245
2007sr	  31.618	 0.12459	0.005417	0.006603	0	264	333	316
2007st	  34.409	 0.12583	0.021181	0.020658	0	13	45	-30
2008C	  34.258	  0.1266	0.016621	0.017088	0	-87	-104	-91
2008af	  35.727	 0.14207	0.033423	0.034038	0	-8	107	-6
2008ar	  35.288	 0.12469	0.026173	0.027316	0	-400	-248	-529
2008bc	  34.092	 0.12202	0.015087	0.015726	0	62	149	29
2008bf	  35.054	 0.12181	0.022615	0.023706	0	-59	-377	-91
2008fl	  34.514	 0.12388	 0.01988	0.019386	0	-152	-50	-263
2008fr	  36.171	 0.12458	   0.039	0.037897	0	-94	59	-92
2008fw	  32.952	   0.127	0.008379	0.009349	0	443	353	533
2008gb	  35.935	 0.13162	   0.037	 0.03641	0	-458	-387	-517
2008gg	  35.629	 0.12434	0.032025	0.031073	0	-8	0	-14
2008gl	  35.818	 0.12461	  0.0342	0.033122	0	-72	-16	-75
2008gp	  35.688	  0.1232	  0.0335	0.032921	0	-265	-256	-314
2008hj	  36.024	 0.12435	0.037613	 0.03643	0	-106	-103	-132
2008hm	  34.758	 0.12712	0.019664	0.019178	0	-451	-614	-518
2008hs	  34.636	 0.12619	0.017369	0.016653	0	9	528	86
2008hv	  33.771	 0.12355	0.012549	0.013602	0	-59	3	-80
2008ia	  34.778	 0.12413	0.021942	0.022568	0	61	132	24
2009D	  34.955	 0.12345	0.025097	0.024758	0	76	94	88
2009Y	  32.911	 0.12313	0.009743	0.010502	0	153	172	168
2009aa	  35.259	 0.12342	0.027052	0.028273	0	2	110	-31
2009ab	  33.468	 0.12391	0.011178	0.010878	0	145	162	190
2009ad	  35.305	 0.12435	  0.0284	 0.02834	0	-23	-120	-12
2009ag	  33.058	 0.12305	0.008686	0.009308	0	-214	-117	-294
2009al	  34.869	 0.12604	0.022069	 0.02328	0	-67	29	-92
2009an	  33.314	 0.12501	0.009221	0.009564	0	-330	-282	-374
2009bv	  36.128	 0.12704	0.036675	0.037485	0	-324	-301	-409
2009cz	  34.766	 0.12442	0.021161	0.022034	0	38	-2	70
2009kk	  33.938	 0.12614	0.012859	0.012436	0	89	129	125
2009kq	  33.692	 0.12737	0.011691	0.012472	0	-39	21	-31
2010ai	  34.941	 0.12701	0.018267	0.019176	0	281	376	345
2010dw	  35.999	 0.13116	 0.03812	0.038713	0	-116	-124	-173
