#name	m_b	err_m_b	zhel	zcmb	vp	vp_2mpp_sdss_6df	vp_2mrs	vp_2mpp
2009cz	  15.605	 0.18768	 0.02227	 0.02315	  -82.89	     -33	     -38	     -16
2009cz	  15.605	 0.12276	 0.02227	 0.02315	  -82.89	     -33	     -38	     -16
ASASSN-15nr	   15.58	 0.19081	  0.0232	 0.02309	 -101.96	    -112	     -99	    -135
2004bk	  15.586	 0.16008	 0.02306	 0.02405	  155.85	     138	      -4	     115
2007qe	  15.788	 0.14543	 0.02396	  0.0228	 -227.14	    -220	    -238	    -245
2007qe	  15.698	 0.18375	 0.02396	  0.0228	 -227.14	    -220	    -238	    -245
ATLAS17bas	  15.319	 0.19111	 0.02222	 0.02331	 -76.111	    -100	     -64	    -117
ASASSN-15tz	  15.701	 0.19793	 0.02286	  0.0222	 -424.05	    -434	    -491	    -492
2010ao	   15.69	 0.15848	 0.02324	 0.02422	  155.85	     138	      -4	     115
2006sr	  15.742	 0.12761	 0.02425	 0.02307	 -237.71	    -233	    -252	    -263
2000ca	  15.646	 0.13953	 0.02361	 0.02454	  185.44	     175	     314	     180
PS1-14xw	  15.852	 0.28872	 0.02427	 0.02436	  74.493	      74	     130	      91
2000bh	  15.625	 0.16155	 0.02304	 0.02421	  25.488	       0	     127	     -35
2007F	  15.689	 0.14687	 0.02362	  0.0242	   9.672	      13	      34	      50
2007F	  15.831	 0.12926	 0.02362	  0.0242	   9.672	      13	      34	      50
2006ac	  15.734	 0.13765	 0.02309	 0.02395	 -107.47	    -135	    -273	    -171
2006ac	    15.7	  0.1475	 0.02309	 0.02395	 -107.47	    -135	    -273	    -171
ASASSN-15sf	  15.979	 0.16642	 0.02468	 0.02349	 -241.91	    -245	    -284	    -292
2005bg	  15.757	  0.1563	 0.02303	 0.02414	 -59.059	     -96	    -330	    -158
2009D	  15.755	 0.14864	  0.0251	 0.02476	  65.341	      76	      94	      88
2009D	  15.822	 0.11575	  0.0251	 0.02476	  65.341	      76	      94	      88
2009D	  15.696	  0.1206	  0.0251	 0.02476	  65.341	      76	      94	      88
PS16ccn	  15.925	 0.13457	 0.02431	 0.02395	 -183.01	    -191	    -189	    -221
ASASSN-16hz	  15.558	 0.23191	 0.02531	 0.02406	 -175.76	    -172	    -207	    -206
2003he	  15.833	 0.17121	 0.02526	 0.02404	 -252.99	    -256	    -288	    -308
2001cj	  15.944	 0.16935	 0.02409	 0.02491	 -9.2981	     -28	    -214	      -3
Gaia16agf	  15.962	 0.19568	 0.02507	 0.02553	  130.45	     134	     198	     151
2007cq	  15.584	 0.14589	 0.02604	 0.02481	 -83.967	     -72	    -109	     -78
2007cq	  15.595	 0.12675	 0.02604	 0.02481	 -83.967	     -72	    -109	     -78
2003it	  15.826	 0.20754	 0.02528	 0.02413	 -284.92	    -283	    -290	    -322
2007cq	  15.756	 0.12841	 0.02604	 0.02481	 -83.967	     -72	    -109	     -78
2011dn	  15.205	 0.24316	 0.02527	 0.02443	 -205.82	    -218	    -294	    -281
2007sw	  15.659	  0.2192	 0.02428	   0.025	 -50.839	     -27	     -48	       1
2012bh	  15.946	 0.16939	 0.02428	   0.025	 -50.839	     -27	     -48	       1
2002bf	  15.653	 0.19771	 0.02438	 0.02494	 -91.716	     -93	    -112	     -75
PS15ahs	  15.944	 0.13116	 0.02551	 0.02522	 -36.772	     -28	       8	      -2
PSNJ0153424	   15.93	 0.16707	 0.02565	 0.02474	 -237.62	    -233	    -254	    -255
SN2017hn	  15.809	 0.13539	 0.02385	 0.02492	 -189.32	    -235	    -177	    -348
SN2017ms	  15.865	 0.14189	 0.02448	 0.02538	 -156.12	    -175	    -154	    -199
2005M	   16.04	 0.12681	 0.02484	 0.02584	 -42.118	     -55	     -74	     -56
2005M	  15.855	  0.1414	 0.02484	 0.02584	 -42.118	     -55	     -74	     -56
2005M	  15.582	 0.24867	 0.02484	 0.02584	 -42.118	     -55	     -74	     -56
SN2017mf	  16.058	 0.12693	 0.02561	 0.02618	  59.011	      63	      55	     106
2005ms	  16.055	 0.12589	 0.02522	 0.02595	 -217.49	    -236	    -234	    -273
1999gp	  16.016	 0.14524	 0.02675	 0.02603	 -258.63	    -256	    -231	    -276
1999gp	  16.036	 0.12969	 0.02675	 0.02603	 -258.63	    -256	    -231	    -276
ASASSN-17at	  15.998	 0.13386	 0.02537	 0.02643	 -204.19	    -229	    -145	    -271
2013fn	  16.036	 0.21614	 0.02823	 0.02724	 -18.054	      -9	     147	     -52
2002eb	  16.014	 0.12279	 0.02751	 0.02633	 -284.35	    -285	    -377	    -325
2007co	  16.091	 0.16392	 0.02696	 0.02655	 -221.82	    -232	    -239	    -270
2007co	  15.859	 0.24907	 0.02696	 0.02655	 -221.82	    -232	    -239	    -270
2007co	  15.974	 0.18583	 0.02696	 0.02655	 -221.82	    -232	    -239	    -270
1992P	   16.06	 0.15913	 0.02531	 0.02643	 -272.65	    -328	    -228	    -451
2005na	   15.86	 0.12047	 0.02665	 0.02717	 -88.882	     -98	    -168	    -124
2005na	  15.901	 0.12683	 0.02665	 0.02717	 -88.882	     -98	    -168	    -124
2005na	  15.859	 0.13265	 0.02665	 0.02717	 -88.882	     -98	    -168	    -124
2010ii	  15.878	 0.13466	 0.02814	 0.02704	 -294.38	    -315	    -393	    -370
PSNJ0252467	  16.108	 0.13621	 0.02809	 0.02748	 -197.78	    -190	    -106	    -193
2009aa	  16.064	 0.12484	 0.02705	 0.02827	  25.317	       2	     110	     -31
2011hb	  16.034	 0.20984	 0.02901	 0.02775	 -131.72	    -121	    -159	    -133
2005eq	  16.253	 0.11466	 0.02893	 0.02831	  23.079	      45	      54	      59
2005eq	  16.303	 0.11351	 0.02893	 0.02831	  23.079	      45	      54	      59
2005eq	  16.305	 0.11313	 0.02893	 0.02831	  23.079	      45	      54	      59
2009ad	  16.119	 0.11318	  0.0284	 0.02834	 -30.493	     -23	    -120	     -12
2009ad	  16.089	 0.11487	  0.0284	 0.02834	 -30.493	     -23	    -120	     -12
2008ar	  16.184	 0.13113	 0.02617	 0.02732	  -342.8	    -400	    -248	    -529
2008ar	  16.038	 0.13047	 0.02617	 0.02732	  -342.8	    -400	    -248	    -529
2008ar	  16.106	 0.13083	 0.02617	 0.02732	  -342.8	    -400	    -248	    -529
2007is	  16.092	 0.16295	 0.02953	 0.02953	  253.01	     298	     608	     531
1998ab	  15.696	 0.16438	 0.02731	 0.02806	  -194.2	    -214	    -154	    -248
ASASSN-15la	  15.803	 0.15651	 0.02782	 0.02845	 -166.73	    -189	    -109	    -233
1996C	  16.262	 0.17813	 0.02823	 0.02875	 -112.45	    -122	    -107	    -125
PS16cvc	  16.442	 0.12935	 0.02954	 0.02844	 -206.27	    -207	    -245	    -261
ASASSN-15fs	  15.986	 0.13255	 0.02902	  0.0285	 -196.22	    -198	    -183	    -216
PSNJ0859349	  16.219	 0.16304	 0.02812	 0.02874	 -185.72	    -198	    -234	    -220
LSQ12gdj	  15.841	 0.19767	 0.02991	 0.02886	 -175.72	    -164	     -66	    -226
2000cw	  16.355	 0.15938	 0.03013	 0.02896	 -153.64	    -141	    -185	    -143
2002de	  16.111	 0.20557	 0.03034	  0.0305	  289.98	     292	     670	     513
ASASSN-16hh	  16.248	 0.13661	 0.03026	 0.02935	 -126.59	    -111	     -10	    -114
Gaia16bba	  16.182	  0.1306	 0.03046	 0.02934	 -161.22	    -151	    -188	    -162
2004ef	  16.267	 0.14021	 0.03101	 0.02978	 -99.554	     -85	    -193	     -80
2004ef	  16.231	 0.14419	 0.03101	 0.02978	 -99.554	     -85	    -193	     -80
2004ef	  16.223	  0.1677	 0.03101	 0.02978	 -99.554	     -85	    -193	     -80
AT2017lm	  16.301	 0.15422	 0.03064	 0.03002	 -83.303	     -79	     -32	    -108
ASASSN-16hr	  16.212	 0.20384	 0.03086	  0.0298	 -300.27	    -301	    -380	    -341
1990O	   16.24	 0.11799	 0.03099	 0.03093	  6.1158	      10	      20	      24
2008gg	  16.417	 0.16774	 0.03203	 0.03107	 -18.695	      -8	       0	     -14
2008gg	  16.288	 0.13193	 0.03203	 0.03107	 -18.695	      -8	       0	     -14
1999cc	  16.335	  0.1287	 0.03111	 0.03132	   46.98	      63	     358	     173
2007bd	  16.243	 0.12418	 0.03044	 0.03141	  62.701	      57	      13	      69
2007bd	  16.326	 0.10657	 0.03044	 0.03141	  62.701	      57	      13	      69
2007bd	  16.231	 0.10851	 0.03044	 0.03141	  62.701	      57	      13	      69
ASASSN-15hg	  16.393	 0.14086	 0.02992	 0.03107	 -105.01	    -133	    -146	    -183
ATLAS17axb	  16.307	 0.13362	 0.03165	 0.03264	  351.47	     357	     524	     418
CSS160428	  16.449	 0.15608	 0.03029	 0.03081	    -196	    -213	    -175	    -243
2000dn	  16.454	 0.11703	 0.03207	 0.03081	 -192.92	    -192	    -177	    -240
2006en	  16.394	 0.13877	 0.03198	 0.03081	 -236.15	    -229	    -324	    -262
2006en	  16.432	 0.13427	 0.03198	 0.03081	 -236.15	    -229	    -324	    -262
2008bq	  16.475	 0.13084	 0.03232	 0.03279	  328.62	     354	     469	     446
ASASSN-16oz	  16.206	 0.19524	   0.031	 0.03207	  42.874	      30	      73	      18
2006az	  16.237	 0.10523	 0.03103	 0.03158	 -124.25	    -132	    -137	    -130
010026	  16.422	 0.14451	 0.03123	 0.03174	 -178.95	    -188	    -192	    -201
AT2017po	  16.323	  0.1389	 0.03183	 0.03201	 -156.24	    -169	    -184	    -193
2007ux	  16.628	 0.13587	  0.0307	 0.03183	 -233.21	    -268	    -181	    -341
ASASSN-15pr	  16.655	 0.14022	 0.03309	 0.03189	 -217.89	    -223	    -198	    -302
SN2016hpx	   16.38	 0.14603	 0.03338	  0.0337	  254.85	     269	     353	     314
SN2017cii	  16.585	 0.13004	 0.03323	 0.03337	  138.77	     155	     303	     231
2006te	  16.472	 0.10815	 0.03155	 0.03212	 -227.18	    -243	    -231	    -279
2004as	  16.479	 0.15882	 0.03139	  0.0325	 -136.07	    -159	    -179	    -195
2004as	  16.638	 0.16207	 0.03139	  0.0325	 -136.07	    -159	    -179	    -195
2008gp	  16.474	 0.11348	 0.03303	 0.03245	 -257.67	    -265	    -256	    -314
2010ag	  16.563	 0.14382	  0.0334	 0.03336	   3.241	       8	     -37	      36
2005iq	  16.612	   0.104	 0.03404	 0.03292	 -141.55	    -141	    -140	    -187
2005iq	  16.599	 0.10705	 0.03404	 0.03292	 -141.55	    -141	    -140	    -187
PS15bsq	  16.527	 0.11345	  0.0343	 0.03309	 -179.38	    -178	    -186	    -225
2004L	  16.576	 0.20507	 0.03229	 0.03344	 -83.471	    -107	    -151	    -144
2003gn	   16.77	 0.17466	 0.03438	 0.03316	 -170.66	    -162	    -273	    -179
2003cq	  16.575	 0.18722	 0.03275	 0.03323	 -159.42	    -168	    -187	    -174
2006S	  16.656	 0.12634	 0.03224	  0.0331	 -240.12	    -266	    -154	    -315
2006gr	  16.666	 0.14952	 0.03467	 0.03352	 -220.64	    -216	    -342	    -234
2006gr	  16.685	 0.15266	 0.03467	 0.03352	 -220.64	    -216	    -342	    -234
ASASSN-16dw	  16.531	 0.15945	 0.03466	 0.03565	  371.74	     379	     606	     497
1996bl	  16.482	 0.10938	   0.036	 0.03481	  63.545	      92	      66	     136
2003kc	  16.604	 0.14665	 0.03316	  0.0341	 -200.59	    -221	    -183	    -257
ASASSN-15jl	  16.629	  0.1187	 0.03468	 0.03492	 -56.229	     -56	     -41	     -40
1992bg	  16.641	 0.15361	 0.03525	 0.03574	   169.3	     163	     254	     161
ASASSN-15tg	  16.608	 0.11963	 0.03561	 0.03445	 -241.33	    -236	    -334	    -263
PTSS-16efw	  16.981	 0.13668	 0.03557	 0.03542	 -76.081	     -84	    -197	    -103
2016fbk	  16.706	  0.1642	 0.03587	 0.03495	 -233.26	    -226	    -111	    -252
1994T	   16.68	 0.15085	 0.03457	 0.03564	 -55.058	     -80	      51	    -116
ASASSN-15mi	  16.299	 0.14693	 0.03442	 0.03501	 -241.96	    -267	    -197	    -316
ASASSN-15ss	  16.738	 0.13687	 0.03556	 0.03592	 -19.525	     -26	     -16	     -47
2001ck	  16.606	 0.15842	 0.03483	 0.03544	 -209.71	    -236	    -186	    -289
PS15bbn	  16.931	 0.13271	  0.0371	 0.03602	 -64.026	     -54	    -162	     -50
2008hj	  16.675	 0.11063	 0.03761	 0.03643	 -111.99	    -106	    -103	    -132
2008hj	  16.631	 0.13028	 0.03761	 0.03643	 -111.99	    -106	    -103	    -132
2002hu	  16.711	 0.11859	  0.0367	 0.03591	 -326.81	    -331	    -317	    -422
2000cf	  16.794	 0.11672	 0.03642	 0.03646	 -178.21	    -181	    -206	    -185
2001eh	  16.754	0.094167	 0.03713	 0.03627	 -283.42	    -281	    -324	    -312
2001eh	   16.74	 0.10428	 0.03713	 0.03627	 -283.42	    -281	    -324	    -312
ASASSN-16db	  16.617	 0.13605	 0.03486	 0.03589	 -408.93	    -462	    -336	    -590
AT2016hns	  16.726	 0.11854	 0.03817	 0.03704	 -105.31	     -94	    -210	     -90
ASASSN-15bc	  16.696	 0.19275	 0.03672	 0.03639	  -330.4	    -351	    -443	    -442
2007jg	   17.08	 0.12527	 0.03707	 0.03652	 -297.74	    -314	    -483	    -432
2007jg	  16.965	 0.12576	 0.03707	 0.03652	 -297.74	    -314	    -483	    -432
2008gb	  16.836	 0.14142	   0.037	 0.03641	 -447.19	    -458	    -387	    -517
2007O	  16.641	 0.10683	 0.03694	 0.03732	 -245.94	    -272	    -275	    -328
2007O	  16.609	 0.10764	 0.03694	 0.03732	 -245.94	    -272	    -275	    -328
2008fr	  16.861	 0.16998	   0.039	  0.0379	 -110.97	     -94	      59	     -92
2009bv	  17.003	 0.10846	 0.03667	 0.03748	 -287.73	    -324	    -301	    -409
2008051	  16.759	 0.12593	 0.03777	 0.03835	 -109.17	    -142	    -293	    -211
ASASSN-15np	  16.773	 0.15787	 0.03768	 0.03832	  -150.2	    -185	    -213	    -259
2008dr	  17.031	 0.10529	 0.04119	 0.03996	 -51.053	     -37	    -152	     -35
PS15cze	  17.296	 0.17042	 0.03937	 0.03891	 -414.19	    -438	    -518	    -547
2003fa	  16.764	 0.10542	 0.04039	 0.04015	 -119.78	    -121	      89	    -127
2003fa	  16.829	 0.10578	 0.04039	 0.04015	 -119.78	    -121	      89	    -127
PS16axi	  16.873	 0.12015	  0.0393	 0.04056	  -93.28	    -131	     -93	    -220
2009do	  16.787	 0.10398	 0.03964	 0.04027	 -206.58	    -223	    -186	    -254
2001az	  17.062	  0.1058	 0.04069	 0.04059	 -120.83	    -115	    -122	     -95
1992bl	  16.957	 0.14934	 0.04359	  0.0428	  167.01	     181	     254	     200
2014bj	  17.258	 0.30253	   0.043	 0.04239	  -53.16	     -42	     108	     -17
2006cf	   17.04	 0.10766	 0.04146	 0.04223	 -129.54	    -140	     -82	    -147
2007kk	  16.999	 0.13612	 0.04177	  0.0413	 -446.69	    -472	    -171	    -534
2007kk	  16.954	  0.1303	 0.04177	  0.0413	 -446.69	    -472	    -171	    -534
AT2016htm	  16.949	 0.11384	 0.04332	 0.04265	 -67.491	     -66	     -74	     -92
MASTERJ0134	  17.006	 0.12499	 0.04485	 0.04391	  60.648	      77	      75	      91
ASASSN-15mg	  17.077	 0.12867	 0.04277	 0.04307	  -289.8	    -311	    -265	    -361
AT2016cvv	  17.294	 0.16576	 0.04457	 0.04404	 -97.444	     -88	      13	     -68
2005ku	  17.039	 0.18041	 0.04525	 0.04397	  -120.6	    -113	    -198	    -130
1992bh	  17.298	 0.19534	   0.045	  0.0451	  202.28	     207	     257	     220
PSNJ1204051	  17.201	 0.14046	 0.04385	 0.04502	 -123.44	    -152	     -23	    -204
2005hc	   17.21	 0.10761	 0.04592	 0.04496	 -228.69	    -230	    -306	    -280
2005hc	  17.261	  0.1228	 0.04592	 0.04496	 -228.69	    -230	    -306	    -280
2008050	  17.011	 0.15476	 0.04526	 0.04627	  6.3868	      -9	     106	     -19
2005lz	  17.072	 0.13929	 0.04624	 0.04541	 -292.46	    -292	    -120	    -324
360156	  17.255	 0.15239	 0.04551	 0.04673	  46.504	      32	      -7	      34
2008cf	  17.226	 0.10793	 0.04603	 0.04692	   29.57	       4	      85	     -35
2008cf	  17.233	 0.13277	 0.04603	 0.04692	   29.57	       4	      85	     -35
AT2017yk	  17.505	 0.20711	 0.04644	 0.04764	  207.29	     206	     269	     242
PS16fa	  17.348	 0.11595	 0.04611	 0.04734	 -74.087	    -105	     -49	    -152
PS15aii	  17.342	 0.10337	 0.04655	 0.04768	 -26.351	     -49	      10	     -72
PS17akj	   17.31	 0.14741	 0.04681	  0.0478	  8.6079	     -11	      92	     -30
ASASSN-15pm	   17.12	 0.11003	 0.04879	 0.04777	 -170.03	    -167	    -120	    -205
1995ac	  17.077	0.095545	  0.0499	 0.04867	  20.119	      38	     103	      51
PS16el	  17.216	 0.12555	  0.0478	 0.04896	 -126.33	    -151	     -30	    -189
2006cq	   17.33	 0.11843	 0.04844	 0.04928	 -44.669	     -55	      72	     -53
PS15asb	  17.218	 0.13348	 0.04863	 0.04952	 -107.07	    -132	      24	    -178
PS16dnp	  17.605	 0.11465	 0.05127	 0.04998	  -70.97	     -58	     -33	     -60
2007kh	  17.287	 0.32325	    0.05	 0.04944	 -250.68	    -248	    -169	    -269
PS16fbb	  17.627	 0.11967	  0.0525	 0.05139	   91.74	     115	     214	     145
ASASSN-16hc	  17.333	 0.11277	 0.05093	 0.05165	  40.677	      39	     179	      65
2006ot	  17.615	 0.15333	  0.0531	 0.05232	  85.935	     106	     102	     131
AT2016htn	  17.588	 0.15727	 0.05312	 0.05229	  20.941	      43	      10	      54
PS16evk	  17.661	 0.14822	 0.05447	  0.0532	  165.11	     194	     290	     249
2010dt	  17.594	 0.12229	 0.05287	 0.05291	 -69.119	     -72	     -40	     -69
2006lu	   17.61	0.098555	  0.0534	 0.05449	  291.11	     296	     208	     341
PS16ayd	  17.605	 0.11491	 0.05399	 0.05485	  45.733	      30	     -17	      24
490007	  17.615	 0.13829	 0.05439	 0.05513	 -80.939	     -88	      10	     -81
PS16aer	  17.786	  0.1265	 0.05547	 0.05668	 -71.052	     -89	       3	    -109
2005hj	  17.737	  0.1238	 0.05739	 0.05631	 -217.88	    -218	    -197	    -259
2008eq	  17.816	 0.16169	  0.0568	  0.0568	 -136.25	    -147	     -71	    -174
SN2016gmb	  17.701	 0.12923	 0.05827	 0.05708	  -343.7	    -355	    -231	    -434
2001ah	  17.727	 0.17926	 0.05776	 0.05837	 -138.06	    -146	    -226	    -149
2008bz	   17.91	0.090262	 0.06015	  0.0613	  88.721	      80	     142	      99
2008bz	  17.939	 0.11496	 0.06015	  0.0613	  88.721	      80	     142	      99
2006oa	  17.822	 0.13191	 0.06257	 0.06142	 -33.081	     -23	     -20	     -22
1992bs	  18.099	 0.14884	 0.06405	  0.0637	 -4.4741	      -5	      40	     -36
2007ae	  17.832	  0.1083	 0.06499	 0.06485	 -135.09	    -130	    -257	    -114
PS15cms	  18.109	 0.14436	 0.06479	 0.06603	 -69.583	     -93	      36	    -129
6057	   17.91	 0.21236	 0.06707	 0.06652	 -6.3317	     -49	     -44	     -55
SN2016ixf	  18.171	 0.13736	 0.06602	 0.06723	  32.316	      21	      36	      28
1993B	  18.041	  0.2022	  0.0696	 0.07076	  146.88	     123	     133	     126
2008Y	  18.043	   0.161	 0.06965	 0.07028	 -79.047	     -75	     -64	     -68
2008Y	  18.024	 0.15022	 0.06965	 0.07028	 -79.047	     -75	     -64	     -68
PS15bwh	  17.996	 0.11462	 0.07267	 0.07149	 -27.116	     -16	     -28	     -23
Gaia16aki	    18.3	 0.12397	 0.07363	 0.07398	  15.296	       8	       2	      13
PS17bii	  18.197	 0.13724	 0.07339	 0.07467	  58.342	      43	      55	      50
2005ir	  18.313	 0.12643	 0.07602	  0.0749	  -83.86	     -65	     -69	     -72
370333	  18.381	 0.14122	   0.075	 0.07557	 -84.052	     -78	     -68	     -72
2007hx	  18.841	 0.13204	 0.07944	 0.07849	 -72.372	     -56	     -57	     -62
560033	  18.346	 0.36323	    0.08	 0.07869	 -74.418	     -58	     -68	     -64
12779	  18.531	 0.16947	 0.07995	 0.07891	 -40.944	     -32	     -48	     -35
PS15bzz	  18.277	 0.10528	 0.08024	 0.07901	 -83.734	     -65	     -72	     -72
350316	  18.347	 0.11126	   0.079	 0.07966	 -69.207	     -64	     -50	     -59
2005ag	  18.414	0.084926	 0.07954	 0.08024	  42.091	      30	      28	      36
12950	  18.468	 0.15576	 0.08273	 0.08141	 -71.293	     -55	     -66	     -61
SN2016glp	  18.716	 0.16728	 0.08493	 0.08366	    -122	    -100	    -108	    -104
3592	  18.588	0.089358	 0.08658	 0.08544	 -76.222	     -59	     -63	     -65
SN2016grz	  18.595	 0.15678	 0.08748	 0.08656	 -133.26	    -111	    -110	    -114
1241	  18.524	 0.18465	 0.08979	 0.08848	 -59.489	     -46	     -58	     -51
590194	  18.667	 0.15568	 0.08951	 0.09015	 -65.547	     -60	     -47	     -56
370066	  18.774	 0.11854	    0.09	 0.09066	 -62.188	     -57	     -44	     -53
300105	  18.907	 0.19537	 0.09314	 0.09181	 -65.653	     -51	     -61	     -56
iPTF17dz	   18.97	 0.35125	   0.092	 0.09284	 -26.346	     -26	     -12	     -23
160099	  19.045	 0.11717	 0.10102	 0.10142	 -60.666	     -57	     -54	     -52
000190	  19.155	 0.13344	  0.1011	 0.10237	  44.074	      34	      46	      38
140181	  18.998	 0.14256	 0.10154	 0.10231	 -41.294	     -41	     -34	     -35
18697	  19.008	 0.13788	 0.10762	 0.10638	 -61.711	     -48	     -53	     -53
20625	  19.209	 0.10568	 0.10813	 0.10684	 -62.262	     -48	     -55	     -53
21034	  19.245	 0.12705	 0.10855	 0.10751	 -62.883	     -49	     -50	     -54
500038	  19.149	  0.1332	 0.10682	  0.1081	  42.526	      33	      44	      37
020027	  19.317	 0.12738	  0.1091	 0.10988	 -37.194	     -37	     -31	     -32
18650	  19.368	 0.11471	 0.11371	 0.11243	 -45.086	     -35	     -46	     -39
18612	  19.135	 0.13857	 0.11489	 0.11365	 -61.606	     -48	     -53	     -53
8719	  19.288	 0.11296	 0.11757	 0.11628	 -58.059	     -45	     -50	     -50
5395	  19.377	 0.13069	   0.117	 0.11635	 -46.666	     -36	     -33	     -40
2561	   19.32	 0.17186	 0.11813	 0.11741	 -49.765	     -39	     -36	     -43
490008	  19.382	 0.21387	    0.12	 0.12067	 -51.583	     -48	     -37	     -44
19953	  19.341	 0.11784	 0.12323	  0.1219	 -46.266	     -36	     -46	     -40
16021	  19.363	 0.11393	  0.1246	 0.12336	 -56.095	     -43	     -47	     -48
6406	  19.397	 0.10192	 0.12449	 0.12377	 -44.457	     -34	     -32	     -38
19543	  19.582	 0.15605	  0.1252	 0.12384	 -55.717	     -43	     -50	     -48
13044	  19.509	0.087854	 0.12588	 0.12455	 -45.028	     -35	     -45	     -39
2992	  19.243	 0.20945	 0.12661	 0.12608	 -38.396	     -30	     -26	     -33
744	  19.432	 0.20361	 0.12825	 0.12694	 -41.926	     -33	     -43	     -36
14871	   19.49	 0.11241	  0.1276	 0.12705	 -40.357	     -31	     -28	     -35
18855	  19.531	 0.12456	 0.12783	 0.12716	 -44.354	     -34	     -32	     -38
15508	   19.59	  0.1114	 0.13461	 0.13353	 -50.233	     -39	     -40	     -43
15234	  19.825	 0.22821	 0.13636	 0.13514	 -53.924	     -42	     -45	     -46
000014	  19.724	 0.14639	  0.1369	 0.13599	 -39.871	     -30	     -30	     -34
17629	  19.595	 0.13938	 0.13742	  0.1364	 -47.528	     -37	     -38	     -41
19775	  19.756	  0.1629	 0.13809	 0.13687	 -33.228	     -26	     -36	     -29
18602	  19.709	 0.18533	 0.13834	 0.13696	 -45.309	     -35	     -44	     -39
17366	  19.633	0.090511	 0.13929	 0.13811	 -27.986	     -22	     -32	     -24
15171	  19.697	 0.11342	  0.1392	 0.13818	 -19.261	     -15	     -25	     -16
190340	   19.77	0.087578	  0.1396	 0.13824	 -42.346	     -33	     -42	     -36
20084	  19.787	 0.23001	 0.13973	 0.13834	 -46.737	     -36	     -44	     -40
090275	  19.768	 0.10305	    0.14	 0.13959	  10.262	      13	      14	       9
1794	  19.924	  0.1305	 0.14191	  0.1407	 -30.016	     -23	     -33	     -26
340229	  19.788	 0.15391	   0.142	 0.14108	 -41.664	     -32	     -32	     -36
2635	  19.794	 0.11328	  0.1437	 0.14311	 -35.688	     -27	     -24	     -31
17497	  19.823	 0.12089	 0.14479	 0.14388	 -43.393	     -33	     -33	     -37
8921	  19.763	 0.16972	 0.14539	  0.1441	 -34.888	     -27	     -37	     -30
13796	  19.714	 0.12094	  0.1487	 0.14729	 -47.132	     -37	     -43	     -40
14024	  19.881	 0.13401	 0.14881	 0.14759	 -31.207	     -24	     -34	     -27
180166	  19.908	  0.1201	  0.1475	 0.14757	 -54.987	     -50	     -51	     -47
13736	  19.908	 0.12313	 0.15021	 0.14882	 -42.109	     -33	     -41	     -36
